prediction_1,prediction_2,prediction_3,prediction_4,prediction_5,prediction_6,target
0.1979670738649864,0.10429005145496338,0.18643679979111316,0.08858069102809546,0.1035879935825667,0.31913739027827487,1
0.11941513477304833,0.0902325411238186,0.0797233691630742,0.07289020409544142,0.07293500465565877,0.5648037461889587,1
0.24425945334494625,0.09363981127095244,0.0867840905989915,0.13900458748992,0.09763380136179511,0.3386782559333946,0
0.04145409879319285,0.022282570643393305,0.01137728664882423,0.025805838298351765,0.010269287551158027,0.8888109180650798,5
0.44401036614901535,0.14232633118643434,0.13113381449154143,0.11574364135368653,0.07330243360383393,0.09348341321548843,0
0.1213616742925606,0.06699138851142607,0.13362535826122182,0.053616168015115546,0.05395252240238775,0.5704528885172881,5
0.11501178763167182,0.0204300409364815,0.026476156671809033,0.02699094713632158,0.014087142472435678,0.7970039251512804,3
0.12849430436860945,0.05195133697390401,0.07768097014730026,0.14655079865821768,0.29267578807731465,0.30264680177465403,0
0.22427341020534475,0.16923533640521224,0.1922992359602538,0.10809159209501018,0.08573914830859333,0.22036127702558572,1
0.18937046139862404,0.13154219375741932,0.10723163373601347,0.10281174551456122,0.0923724103923307,0.3766715552010512,4
0.21543675210034044,0.06929560513537743,0.14745848291567967,0.11616398384168997,0.22249059634794083,0.22915457965897165,4
0.06230637793301876,0.044482188764406114,0.060135597890376175,0.037163886209381845,0.033705056441210704,0.7622068927616064,5
0.22070702135060222,0.06876893443466783,0.16407744514446554,0.10261028473567513,0.21739300174387471,0.22644331259071454,1
0.04980669620158121,0.02863113543434595,0.013368584414583756,0.03524759793773472,0.02213163170076449,0.8508143543109898,1
0.3104955615157197,0.10966752198486321,0.13609159697531883,0.11086723710830322,0.10313785193115718,0.22974023048463785,2
0.09094230129439881,0.020773323712213146,0.020432201637916966,0.027327011173236708,0.015565058975273908,0.8249601032069604,5
0.06499386747436245,0.026785668047508846,0.011526875953101865,0.03323641959081981,0.010247130024421418,0.8532100389097858,5
0.1180282894186151,0.06610312932500947,0.07792889507210139,0.03515523003675805,0.05715447707338636,0.6456299790741298,0
0.43908365680444716,0.1468290947288105,0.14648644824354579,0.11080988919790993,0.0682589588490056,0.08853195217628097,0
0.21757087463932084,0.1641497623107796,0.12303976237103455,0.11034371080601343,0.08775440714614416,0.29714148272670743,1
0.3733453130635721,0.057761927379165655,0.060404006991746,0.22141607538196614,0.06807725765658362,0.2189954195269665,3
0.22056708561630883,0.09700509745922299,0.1257210846370701,0.10742664735973106,0.12968067814754836,0.31959940678011856,2
0.12309840353419492,0.03897738878248782,0.06642955919902784,0.07313727463906072,0.06661054838172997,0.6317468254634987,5
0.09112756459039885,0.04390511731017215,0.07676113504390208,0.05321169289318209,0.06654308894753612,0.6684514012148086,0
0.16813051202481966,0.05894346345802695,0.08688878985338871,0.06319800316818186,0.0955394020646446,0.5272998294309383,5
0.3556597026377609,0.05495629063731313,0.0816579393141001,0.06623116568815655,0.06294012678610733,0.37855477493656187,0
0.17721322598395153,0.0661085326825345,0.24628669121864738,0.06088823110218164,0.13604650470922472,0.3134568143034603,2
0.11413271620589649,0.01753676748033423,0.021351758632580427,0.4038646261435958,0.26120555648259713,0.18190857505499583,3
0.14453502172790145,0.07228839846174352,0.22585684949808738,0.06012964939393844,0.0726459181721316,0.42454416274619766,0
0.23158372117463394,0.09896930782716336,0.1345711316094012,0.12601319075237197,0.20859796482568976,0.2002646838107398,2
0.332266717507232,0.05357019363711966,0.0796313370911929,0.07709140798562862,0.054650572180266,0.4027897715985607,5
0.04570896733545664,0.0245869301532612,0.011906699391687012,0.028248172663019103,0.010624223156431314,0.8789250073001447,5
0.19817175142216314,0.1128272501906572,0.16556943967227902,0.09357413765220408,0.09956706436360818,0.33029035669908835,0
0.12722730463078896,0.03948843361153881,0.056789705462845855,0.09741521169886704,0.07270977162974675,0.6063695729662125,5
0.17838811343648064,0.044837016950705695,0.07409589425727145,0.07446949260286567,0.05661015756458426,0.5715993251880923,5
0.09548616655685976,0.01753418755176574,0.021164004532484418,0.3370657079523658,0.3293194387673899,0.19943049463913431,3
0.19437540182126883,0.05452988882661808,0.28588870454401155,0.0788783706109405,0.09410948729972567,0.2922181468974354,5
0.1579090850992983,0.09358718170964136,0.05499931050941473,0.11079821517020291,0.044031135020648184,0.5386750724907946,3
0.05184166810100569,0.02785990512263646,0.01241812980821823,0.032044982475837584,0.010911709283912762,0.8649236052083894,5
0.2317420148623272,0.08653661704136754,0.43077464477262695,0.07141506808424504,0.11138238470839396,0.06814927053103938,4
0.21418343987403687,0.10674715384644423,0.15746229232130768,0.09393467768458047,0.11983950205140803,0.3078329342222227,5
0.13681118366087214,0.1286514883430801,0.0573846549977159,0.09694518420156918,0.04197458272312701,0.5382329060736357,0
0.1509317555614024,0.07097298049625077,0.1542073668636132,0.06116682286647508,0.1292270922616865,0.4334939819505721,4
0.12509345181829204,0.06684325507783731,0.11220208642134365,0.06144984856771932,0.08244654940304674,0.551964808711761,0
0.1044119763360768,0.0576082855016976,0.10789982845038062,0.047944636065384995,0.051693372070299975,0.63044190157616,5
0.3188410036399554,0.05463562362058555,0.10029356418180241,0.06916265376167952,0.06276968854513622,0.394297466250841,3
0.22178764825176034,0.11738928739508803,0.17988129999706506,0.09166106270857119,0.10560299827680694,0.2836777033707084,5
0.09339501124345838,0.041839750257836324,0.07884782723931025,0.04430892195245453,0.04698470556817568,0.6946237837387649,5
0.14056065249951416,0.05460424276623324,0.08641648050638666,0.04820618521355445,0.05631878743917671,0.6138936515751348,5
0.2226907766727768,0.19132416806659885,0.15379846594896132,0.10339992682715482,0.07695383946177917,0.2518328230227291,5
0.19204871047104838,0.07878031074515816,0.0666185539246734,0.0649729896819381,0.06017508547226553,0.5374043497049165,5
0.22519520354729447,0.10930373727441159,0.14006766425525569,0.10112852324590665,0.10633653216868176,0.31796833950844977,4
0.21147755384096728,0.07583122956228984,0.1618304568639597,0.11057315440221008,0.213646532681195,0.22664107264937816,5
0.06513565935700699,0.041289894818356716,0.02186036511221372,0.03814076570088877,0.012826459173742382,0.8207468558377915,5
0.2050414872007989,0.09582200715851688,0.12304956110070356,0.09469585679931473,0.13494341791244494,0.346447669828221,1
0.053984009917618786,0.029091046668543116,0.0128365278111196,0.03323495769822332,0.01124667097476696,0.8596067869297284,5
0.2063714015025133,0.07072205686073647,0.08135666685965923,0.13149341166523243,0.14683714844728896,0.36321931466456964,5
0.09617922776109633,0.017534176670786987,0.020818932020211695,0.3547976387253286,0.3184057967576942,0.19226422806488208,5
0.15844484611998003,0.05581982227003302,0.21137747911112872,0.07661538467084056,0.24381157828858324,0.2539308895394345,2
0.1765108657706045,0.0825284678950992,0.1472041914590142,0.07253552855153246,0.07567864494867485,0.4455423013750748,0
0.043360081515573974,0.023305833454293306,0.011598538304550465,0.026905139026136147,0.010413380435735796,0.8844170272637103,5
0.08993638374077112,0.020200444017966827,0.0202486120847443,0.026765455425721812,0.015421907139914376,0.8274271975908816,2
0.22897679063112014,0.11737766276195719,0.17647090992130235,0.09937043408253883,0.11095470208542069,0.2668495005176608,5
0.15529265949993895,0.0987770349007315,0.1687008394515643,0.06191032159018395,0.17067345012678936,0.34464569443079196,2
0.3798305002524063,0.05946155431961318,0.05947371874928294,0.1976053579827614,0.06749629735760387,0.23613257133833226,3
0.045073238559971265,0.02423825872313709,0.011819659297038987,0.027885798721408672,0.010563660175228275,0.8804193845232157,5
0.2289256073275952,0.09885401960330824,0.11110006734194247,0.13138679896282995,0.1538325643453417,0.27590094241898233,5
0.062480846071605596,0.04929174097982646,0.021297496513450774,0.04119087869449351,0.013639814712834535,0.8120992230277891,5
0.14636837918666662,0.0674219656208157,0.23434277476135051,0.06302192109918381,0.10765978200557705,0.3811851773264064,0
0.2289766840092723,0.07195579620127616,0.12874788814678945,0.12832979412080045,0.156307352565225,0.2856824849566366,5
0.0740223307181278,0.024320917687029247,0.04842393364739001,0.050371084708389184,0.04663316326541243,0.7562285699736513,5
0.24724417824219097,0.08081327082612823,0.07211044513919729,0.09026321077359234,0.06594587819650786,0.4436230168223833,0
0.2596553899055826,0.10399324417134731,0.1085458225960306,0.13912185061183024,0.1298057461087122,0.258877946606497,3
0.3722009093393388,0.056085979865545206,0.059189465708687626,0.2208526106113397,0.0679475258181744,0.22372350865691437,5
0.3013581790751018,0.12057762939963332,0.3553225639009384,0.06650709597261151,0.09060524491019327,0.06562928674152159,0
0.18051163035290868,0.1105027036810064,0.10532094793390566,0.10119962137412,0.09710911297441122,0.40535598368364806,2
0.22294032386708024,0.08735925381829625,0.14609197882143848,0.11828388240661081,0.2163903482437482,0.20893421284282607,3
0.2654882822082167,0.09808343383281216,0.09085004974628103,0.1681260429231076,0.15241697314583558,0.22503521814374688,2
0.2180016442239333,0.07842247825953581,0.4561972471123813,0.06524482689755377,0.1137867394505488,0.06834706405604697,2
0.21101422872898237,0.0607692195143223,0.16543348484410958,0.11134427057405362,0.21467253969216324,0.23676625664636886,0
0.0652163604548648,0.026907966176397312,0.011557860756753854,0.03336308912826442,0.010268836440481051,0.8526858870432387,5
0.20852115392205806,0.07596205218865894,0.16236759612045337,0.10901795121429018,0.22447976115435272,0.21965148540018675,2
0.14721216550736055,0.07575536010712583,0.13802204071558288,0.07425344305243617,0.09317035075977345,0.4715866398577211,5
0.21648498215369563,0.066292447237026,0.16864307741503834,0.10032797026286205,0.21910694088584515,0.22914458204553279,4
0.09407598459853793,0.09681403214239025,0.04630247277239168,0.058681043483145776,0.017990297511700264,0.686136169491834,5
0.14316734494974695,0.0790032489817799,0.09067955936347216,0.07370288643224845,0.07357217707251756,0.5398747832002351,3
0.14697808046934863,0.0962109174884121,0.1331023698605127,0.07890520450496971,0.07974729137762121,0.4650561362991356,5
0.20836559423331608,0.0758692478087296,0.16253591839085096,0.10893302071864445,0.2245443490766336,0.21975186977182534,1
0.10034862204692677,0.07048061186582491,0.060035528909580485,0.06645039282780132,0.03049061039228594,0.6721942339575806,5
0.21914551333608612,0.11521825976344294,0.18380849039944377,0.09798936164095583,0.1098454544153473,0.273992920444724,5
0.41853708817353724,0.0735710944434086,0.11306772553412463,0.07464610456104173,0.07537158501721633,0.24480640227067135,3
0.10532891951291984,0.028035329869890713,0.05141907473015073,0.1074399775150453,0.08892202874344779,0.6188546696285456,5
0.1404388118919032,0.06462818466848616,0.260385052454692,0.06159127322144566,0.11816439968385808,0.3547922780796149,4
0.1341999756726184,0.06645013465958297,0.21979589000140354,0.06303649438376584,0.12769803241629807,0.3888194728663312,2
0.14432741106228908,0.07778258144026685,0.13281368700796858,0.056270091637314106,0.05443139305449749,0.534374835797664,5
0.20770334641567392,0.06215795511877269,0.17816602513448496,0.09614251938324804,0.2216486768793616,0.23418147706845877,4
0.2214447821458428,0.0858459732693675,0.14788489193113719,0.11716493466101066,0.21745289190925138,0.21020652608339047,3
0.04514158320668273,0.024275677237757653,0.011828890379775513,0.027924793805245565,0.010570048183847179,0.8802590071866914,5
0.4666629239604042,0.1238077234941781,0.11475557344456863,0.09803918579557314,0.07420857592548724,0.12252601737978858,0
0.3205160141047236,0.12079412280119585,0.1329993496406131,0.1413940055962603,0.13285144725474957,0.15144506060245763,3
0.11344874693134736,0.06340710341103638,0.08404075599144367,0.060216653014576134,0.054429237959551194,0.6244575026920454,5
0.2296018398957006,0.11726102566988048,0.4220796078594291,0.07012079934232607,0.08034761961779593,0.08058910761486779,2
0.06609066556033921,0.03555006518142431,0.014842943126521796,0.04153138473486093,0.015312049507590578,0.8266728918892632,5
0.05695521392196103,0.030698660905562235,0.03368681905642121,0.034641357633002114,0.026635187823926,0.8173827606591274,5
0.23274706315236698,0.11387271285213202,0.06442447775122304,0.17526848153967864,0.05357200017560134,0.3601152645289981,4
0.06465183871272803,0.05050797998087201,0.021647362555987933,0.04241395081449431,0.0138996221567337,0.8068792457791841,5
0.1450288954182545,0.06740191969684353,0.1612110944371134,0.06293981751061721,0.07626367565230482,0.4871545972848666,5
0.39042071846256243,0.05347860251718674,0.08127934243170507,0.07709919648862235,0.05829626547533914,0.33942587462458434,0
0.04906502470475392,0.026448408755008538,0.012408025988866611,0.03014934844116595,0.010985554608242376,0.8709436375019626,5
0.22897679063112014,0.11737766276195719,0.17647090992130235,0.09937043408253883,0.11095470208542069,0.2668495005176608,0
0.10666465111920626,0.051495719740606474,0.07746414826842153,0.058267023372818624,0.06686672878881265,0.6392417287101346,5
0.05014654872002694,0.029413143034792238,0.01196973290673224,0.03406820791400217,0.012886928497309682,0.8615154389271368,5
0.20416100202623585,0.10289578892534884,0.06071631599960794,0.12994571251811995,0.05300776729714221,0.4492734132335453,5
0.08826420249426496,0.06417996759456553,0.2592122169595472,0.05506809986102806,0.08198726969498726,0.45128824339560697,5
0.4335177114958134,0.14783428141359678,0.146916154886471,0.1131431913280042,0.06988325009296581,0.08870541078314878,0
0.11259640728453861,0.07021267118831355,0.1174729427324755,0.06165319935010385,0.051236924873690776,0.5868278545708777,0
0.11556837284305486,0.05140488721757646,0.08837110498977209,0.052396799949587555,0.05180271893513626,0.6404561160648727,5
0.21205315180291937,0.0685826275844209,0.15086742279917761,0.11364237483860085,0.22362708765273254,0.23122733532214873,0
0.2269098252134047,0.07928443686151004,0.12039719652865619,0.09126532770131571,0.09677601731645477,0.3853671963786586,5
0.20175107748550045,0.07234743749703487,0.16967297148223365,0.10555130346895139,0.22689206669693018,0.2237851433693495,0
0.21985695961023682,0.1951893053533863,0.1983323183381864,0.11039353517707573,0.08374764538772236,0.1924802361333924,1
0.07551570553526873,0.024532119270010463,0.05517582619592561,0.05058324344635509,0.0489574060651647,0.7452356994872754,5
0.2312509528043506,0.12242509979697186,0.18673471443976522,0.09701820556571406,0.10693492527837681,0.25563610211482146,1
0.30074930672221556,0.10155209964759057,0.13106409665482033,0.11798463761080788,0.11767598386335931,0.23097387550120632,0
0.04444487210447711,0.02389499725445308,0.011736237299683237,0.02752683269944559,0.01050632786101369,0.8818907327809273,5
0.23120791362879245,0.07892142293265503,0.14082552727364203,0.12242321320667843,0.20708226801576435,0.21953965494246774,4
0.23944542269760727,0.12507203618819965,0.38770268524474794,0.07029417142746067,0.11414109834294177,0.06334458609904273,1
0.25953640278980583,0.06433178257882058,0.46998829772682726,0.05096101489389057,0.09717199121078836,0.05801051079986756,2
0.0649426954624896,0.034887243704906666,0.014610755887260383,0.04089541462740718,0.015123646743342909,0.8295402435745933,5
0.09649187216002059,0.05038737050496171,0.09211633557615818,0.049062092844428175,0.05836088394536077,0.6535814449690706,5
0.10534100410438671,0.05103239942448783,0.06516455363284662,0.05921795553954981,0.041577121779087255,0.6776669655196418,5
0.0911471684237006,0.020890285117272075,0.020470289519419614,0.027441222120141502,0.015594971852398413,0.8244560629670677,5
0.18377157565506808,0.0792037205586076,0.1991434377952579,0.07819010478170288,0.12270157001383158,0.33698959119553196,2
0.05816301304095208,0.03150723361252233,0.03365664822496591,0.03549723277560177,0.026643411222952735,0.8145324611230051,5
0.28951555709286614,0.10391966955365514,0.137849022071871,0.1159029123467285,0.10461253184272024,0.2482003070921589,4
0.24703210221427213,0.05430767154191424,0.10245029200473112,0.06486745025052015,0.05955180968079995,0.47179067430776234,5
0.05329913945652156,0.04655381514006593,0.017221021436403056,0.03784911200003361,0.014339712358677438,0.8307371996082985,5
0.09945824921463098,0.016288340748441363,0.020250351857990023,0.37859547112439923,0.2973507137915486,0.1880568732629898,4
0.4307199457699206,0.14823382408396743,0.14705669512657035,0.11429113803464451,0.07085410648298343,0.08884429050191361,2
0.2853242158269969,0.06266138188195858,0.12216072340582439,0.0736950772756953,0.08696892460638687,0.369189677003138,2
0.22011481289870072,0.059086283176943574,0.25180019694014294,0.06872779822381586,0.11481970274679373,0.2854512060136032,2
0.2852040715449806,0.10200611880102829,0.13552768629220768,0.1143009499772698,0.10285839232577876,0.26010278105873486,1
0.11374299625582847,0.05274791048541808,0.0724567640739069,0.05336373298384207,0.0471427597539473,0.6605458364470571,5
0.19010429953084618,0.10724979724473363,0.151661100759711,0.08950135070996132,0.09009750389869547,0.37138594785605233,0
0.17757030391187534,0.04507218378484113,0.07660528621677339,0.2045850739100788,0.18700424222079326,0.30916290995563817,3
0.10267422904748863,0.019161349902091576,0.04792995074595675,0.07010296875511521,0.04674325403246493,0.7133882475168829,5
0.2160036104150834,0.0764775711766574,0.15120064465614427,0.11449720641846628,0.22497316307893475,0.21684780425471395,5
0.2860338676057466,0.07929992427888256,0.15463211674339636,0.07677345550445064,0.07051687776704572,0.33274375810047807,5
0.0915511715314395,0.04184076181085584,0.07774494780374923,0.04428520769805425,0.046530443489706176,0.6980474676661951,5
0.09445194292078699,0.053996857109947304,0.09454632261721715,0.04614537009150856,0.04708138397887216,0.6637781232816679,5
0.21483153363818144,0.1250286510157591,0.06357181506418202,0.17153752953452833,0.047425467693960985,0.3776050030533882,3
0.11431848183213845,0.06638457202466612,0.11755991179622156,0.05372186315377198,0.05531191016174938,0.5927032610314525,5
0.10099255900391496,0.01574726702427142,0.01989906470058657,0.469878172592856,0.22790385465649915,0.16557908202187188,5
0.04468460336894946,0.024025791281317092,0.01176775364189793,0.027663879004002127,0.010527902127969703,0.8813300705758637,5
0.4302007463906634,0.14829972125592164,0.14707696989815444,0.11450136223040064,0.07104613199735764,0.08887506822750213,2
0.5494385429767771,0.046230908316467687,0.07185485960443899,0.06553999894536887,0.0746552947457738,0.19228039541117356,0
0.19357363108250347,0.10841578988086314,0.15913428893968465,0.09111798735822993,0.09667845419846025,0.3510798485402585,1
0.14919893099448733,0.07454068545365553,0.28903421760610387,0.06139371238652175,0.1100300743612955,0.3158023791979361,5
0.16543928066670222,0.07138047933433393,0.11410676764456448,0.079449649501118,0.0809630269915145,0.4886607958617669,3
0.4117181187764402,0.0812737400161852,0.07519461871538641,0.054202930492056704,0.050379407024132496,0.32723118497579884,0
0.204062833395882,0.06499579599771843,0.13557398862645859,0.11382114548998662,0.2510030552217006,0.2305431812682538,4
0.10149365112462294,0.01753438359040678,0.021567970940537685,0.35105266189908907,0.31082977275247603,0.19752155969286742,4
0.10695953940300924,0.04320008684092818,0.05767886235984313,0.07510789780060426,0.06262601698678592,0.6544275966088292,5
0.14096116342475964,0.04893975638524323,0.0715234094509148,0.07217045083025986,0.09754370419898455,0.568861515709838,4
0.06650384381724103,0.03930609175536364,0.053023244623702746,0.035081881468056894,0.03158539755632946,0.7744995407793063,5
0.04422618438796942,0.023775866577678377,0.011707825585517164,0.027401710906779023,0.01048697115515545,0.8824014413869006,5
0.04343722687112905,0.023347581202310574,0.011608059519820807,0.026949438884354894,0.010419734423585625,0.884237959098799,5
0.3454520153375017,0.053570514431832014,0.07963417187472667,0.07715920723418632,0.054656854348515624,0.3895272367732376,5
0.21858331993638386,0.1262845541989972,0.21944720228580902,0.09511485015651557,0.10183714326072832,0.238732930161566,1
0.16132420099580264,0.07817289679321873,0.33547778877880735,0.06010742214940106,0.08917797261726218,0.27573971866550806,2
0.23041923543219753,0.09414803468415592,0.13928782384030425,0.12429731296702648,0.20087827337455483,0.210969319701761,1
0.08175571222088535,0.04926203459316049,0.18678574006958332,0.03749248489699787,0.08736252809179637,0.5573415001275766,5
0.1977582443007232,0.08722564773619976,0.09546417066163165,0.15543925225990668,0.14312522528723848,0.32098745975430015,0
0.17239906340022326,0.10460082702887369,0.06161530380609543,0.11580859249432504,0.057047607033540275,0.4885286062369424,5
0.11424890908486393,0.01753683907774575,0.02136347673958319,0.40370730950925404,0.26118114801325915,0.18196231757529385,5
0.193514364144991,0.08311096700542248,0.18926480065977322,0.08245908728151922,0.11712384784571611,0.33452693306257797,5
0.30768803824941915,0.13066472674518032,0.12280626585080692,0.11167068874237616,0.08755046804680566,0.23961981236541174,0
0.09406246103242613,0.09680619326871542,0.046299657226384405,0.05867356783636502,0.0179879874331281,0.6861701332029808,5
0.10020282941578185,0.015747245987294944,0.01986738525051159,0.47123767342739253,0.22784826897149985,0.16509659694751924,3
0.12136166904838083,0.0669913871700402,0.13362535825938432,0.05361616347155479,0.05395252240227471,0.5704528996483651,5
0.1991261589940416,0.0781966970591215,0.1853119339265178,0.07593804262407228,0.13612128893755346,0.32530587845869335,4
0.0418837254066686,0.022511765115473335,0.01142473075830262,0.02605449512875113,0.010299557798427715,0.8878257257923765,0
0.21658311961911514,0.09578200959677145,0.11598049031127444,0.08025607073638436,0.09897689098935211,0.39242141874710246,5
0.213826425389604,0.08170205796849436,0.07083583328686154,0.0885218426523453,0.06349728838412766,0.4816165523185672,0
0.2020681953324483,0.11055881655733163,0.14868928365156864,0.09681462021566106,0.11341281389672675,0.32845627034626357,4
0.15798003718950332,0.07096960161932292,0.2711053427064265,0.0615462743249921,0.12231687421988924,0.31608186993986587,5
0.21764471118305792,0.0726965499853482,0.14945595602781228,0.11636815755401578,0.21767702146702939,0.22615760378273636,1
0.235657997225863,0.10797766083400995,0.12758101867362617,0.13113074317374573,0.20305331934484977,0.19459926074790534,3
0.09673436642497708,0.060991434947103344,0.11882067546149758,0.05195356230707606,0.05097051023267862,0.6205294506266673,0
0.14654466073973815,0.26524824179545975,0.06940040485020496,0.12889071684650588,0.05040471559202639,0.33951126017606476,1
0.35203142941343885,0.0837027563375197,0.12247713699079536,0.10589176429589624,0.08900822894643934,0.24688868401591052,4
0.08627922946795354,0.039603422451079194,0.0613531803317525,0.04404056041014863,0.05337347359778107,0.7153501337412851,5
0.09628598573666401,0.017534172238231335,0.020698455209469075,0.3638296038329531,0.31257741116981175,0.18907437181287062,4
0.39803861550537567,0.058996050791333646,0.09699255352573807,0.10117451786498668,0.10359447213529181,0.24120379017727414,2
0.383639459190232,0.05347052369597935,0.08123968362614935,0.07667925076784834,0.05821832053061548,0.3467527621891755,0
0.07080954133180627,0.03913536999263102,0.05578491236209438,0.03762465743227713,0.034768838230207225,0.7618766806509839,5
0.16134620438800512,0.07817294128189214,0.3269714861552472,0.06010798235861403,0.0934140976246647,0.2799872881915768,4
0.2131587958633718,0.08843157120551728,0.12460961178509988,0.12325196375501765,0.2611351027058016,0.18941295468519181,5
0.13879413238657148,0.06798338548825539,0.2605418523514231,0.05705094111711244,0.1202932182926341,0.3553364703640035,2
0.07494333456914165,0.05606019530447909,0.021066303013502617,0.04660163149730396,0.01775313359156354,0.7835754020240092,1
0.22435560207146488,0.14848830285597323,0.1912142840453853,0.10061316206683302,0.10148644959180586,0.23384219936853767,4
0.17027800462622644,0.10585272161812247,0.14806465618117803,0.0939292874163527,0.09296513978049506,0.3889101903776252,2
0.3621836201434504,0.054030847049207555,0.0589283742326301,0.24675827822513002,0.06794099446999656,0.21015788587958545,0
0.2312509528043506,0.12242509979697186,0.18673471443976522,0.09701820556571406,0.10693492527837681,0.25563610211482146,2
0.2480659383086769,0.04619715299636153,0.2576203270236885,0.11054049318959985,0.08158004379885847,0.25599604468281467,2
0.11727466823232897,0.09771835043383964,0.09899317444937375,0.048833362018439054,0.027938721670312958,0.6092417231957056,2
0.09982797789886545,0.048399862598210455,0.0700144788474059,0.05049168405675966,0.06692121578968412,0.6643447808090743,0
0.12120606179276863,0.05840277106917089,0.08418797746777872,0.060005858398575154,0.05611066833357697,0.6200866629381296,2
0.134548523029036,0.05225468335457133,0.18037576338777617,0.0686373062220483,0.14714961994970882,0.41703410405685937,0
0.16982587576073538,0.038155208368293614,0.060198441641444174,0.308772663226559,0.22821837729275937,0.19482943371020844,3
0.19475490338683957,0.07239254083110995,0.27280746207917017,0.056145200681739255,0.059640851994678536,0.34425904102646254,5
0.21432955885849372,0.06258398242840807,0.16185823655257364,0.11306681492696928,0.21344524002456156,0.2347161672089937,2
0.07433200518545838,0.024329888972305147,0.05175004398453119,0.050372167458731985,0.04863430781689834,0.750581586582075,2
0.22844071692476797,0.11502664883813635,0.17671473874047472,0.09817350720553618,0.11730832668800217,0.2643360616030826,1
0.23172251302217872,0.09621097555569257,0.13741911462739465,0.12559758671247942,0.1995295506165589,0.2095202594656958,4
0.23410162570220922,0.11115342696354788,0.16427718967919422,0.10914309377209902,0.11919727122028298,0.26212739266266666,5
0.10452220637721474,0.05842828431635297,0.08264475534577795,0.05517510124450771,0.053402380504555924,0.6458272722115908,0
0.2465155362345836,0.08083469532212867,0.07208293191055437,0.09024080479678823,0.06588659836573872,0.4444394333702064,5
0.20398273161699743,0.09774853442240442,0.1282437342145324,0.0958880743847552,0.08989320958054726,0.3842437157807634,5
0.17899977743321685,0.10093429218661465,0.1309218546340381,0.0925292120906348,0.08818790146178454,0.40842696219371105,1
0.08475502495665123,0.06134166343094566,0.056498463336894816,0.057882884115285665,0.027483273010368764,0.7120386911498539,5
0.09523856481544835,0.039574014915499625,0.059221087529625765,0.04417103872803176,0.05243598755133348,0.709359306460061,5
0.11572628109512034,0.06684835029170426,0.11961563889681005,0.06126011178562994,0.08754667221492013,0.5490029457158153,5
0.46035844015657257,0.06027200979900059,0.08957844063349557,0.07829244582063334,0.0852769554856101,0.22622170810468784,0
0.19180993936724694,0.10793095961169175,0.14643109605192137,0.09066298069014317,0.08490511629906197,0.37825990797993464,5
0.19277418285590042,0.08014925979464164,0.2164930520877456,0.07324494805924979,0.13261732943009863,0.3047212277723639,2
0.19382504670538486,0.0686632458591427,0.14252419450375414,0.17462348558620233,0.16787551770657405,0.252488509638942,4
0.235657997225863,0.10797766083400995,0.12758101867362617,0.13113074317374573,0.20305331934484977,0.19459926074790534,4
0.16629561198862197,0.06172225497069585,0.21731376584161638,0.07803934516345971,0.2320653552563141,0.24456366677929206,4
0.21615486063083744,0.08120614717243863,0.15397843568596198,0.11353966264346205,0.22075385724411947,0.2143670366231804,2
0.2260506969419168,0.09087844196785917,0.14222013227012034,0.12077894594927889,0.21395702243582843,0.20611476043499638,4
0.24609531077934182,0.09440999229726918,0.1033013683421638,0.14826177093940543,0.1582203416870143,0.24971121595480555,0
0.18871435566920858,0.06245670316441467,0.15335255164046419,0.1170275647986602,0.21244934396048704,0.2659994807667654,5
0.11291633672413628,0.01753611387959846,0.021234037530324268,0.4055263043545983,0.261448822525435,0.18133838498590757,3
0.0778207749055408,0.048086542484019695,0.023993384920489254,0.04675571530134062,0.016997646425755353,0.7863459359628544,0
0.10212174159862314,0.035713888182131705,0.05032225249935267,0.19236174420158078,0.1603282226982116,0.45915215082010014,5
0.21654217991805264,0.1945345822190466,0.1638380553393179,0.10988393879547836,0.08075734815856712,0.2344438955695374,0
0.23617919915589392,0.05622714628364536,0.34854014697064384,0.06814379967616777,0.04604563915676954,0.2448640687568796,4
0.04251255476845768,0.02284881304643209,0.011496770731564807,0.026417504032018042,0.01034621041606539,0.8863781470054619,5
0.049520106884589646,0.029063634747718996,0.011871913708214825,0.03371448717698234,0.012815200063144284,0.86301465741935,5
0.09444940966684755,0.053996846594503774,0.09634808061801296,0.04614524825569084,0.04718829707993658,0.6618721177850083,5
0.1276465756857021,0.0652429063373226,0.28570792437954035,0.054663349412087094,0.06872783086023718,0.39801141332511075,2
0.16315058282218003,0.04927632723571968,0.0854932219448433,0.044831628711166055,0.055805774840349924,0.601442464445741,5
0.05816301304095208,0.03150723361252233,0.03365664822496591,0.03549723277560177,0.026643411222952735,0.8145324611230051,5
0.1570373405154637,0.051491705528618405,0.2020429853874608,0.08905887446884572,0.24030254311560692,0.26006655098400444,4
0.21002933655028921,0.11940255205125122,0.1575848684005796,0.0995125957807034,0.0862993276796772,0.3271713195374993,1
0.10632317934461867,0.032807051025445046,0.05904504361198712,0.04438007088489717,0.053908449681961575,0.7035362054510904,5
0.09444592150834832,0.053996840448260974,0.0933057286226886,0.04614515187163951,0.04690438207267678,0.6652019754763858,5
0.2425486636341167,0.0880598281215867,0.4338531019425653,0.07098778574794566,0.10193017778569669,0.06262044276808895,2
0.22731989040861977,0.15156855548979772,0.13141302436823524,0.10909256618475985,0.10247468516972541,0.27813127837886203,3
0.26942669037850786,0.0683782231358046,0.15731864772736714,0.07164417996856623,0.07839111482208252,0.35484114396767164,4
0.17676723698640848,0.041192156768089405,0.0652820983413618,0.29728747040914477,0.2224715926931982,0.19699944480179743,5
0.2697047519981354,0.06966112748913511,0.4734146404728451,0.05275706810052275,0.07489924685126292,0.05956316508809879,2
0.07968160034809939,0.03156466219030137,0.044859473287465416,0.12075753797255478,0.0942247005697183,0.6289120256318605,5
0.09110802465419221,0.020867929968457495,0.020462993886082623,0.02741940398649783,0.01558923654293626,0.8245524109618335,5
0.0880228509301823,0.029066868781955038,0.04672360095001501,0.0697526692031303,0.05265005916946081,0.7137839509652565,5
0.16135368988265078,0.07817296256520072,0.32524701503628606,0.06010821191197133,0.09431483866008268,0.28080328194380855,2
0.11443342134742306,0.017536956374767647,0.02138225791089246,0.4034579823791763,0.26114197791778704,0.18204740406995346,3
0.2194491932513698,0.13083579011486884,0.14307671391436047,0.10457126864517471,0.12759973902469773,0.2744672950495283,5
0.12439039792331125,0.020575498607047202,0.02675552906995141,0.38784439865652254,0.2547990439968662,0.18563513174630136,3
0.2242299443537244,0.08875205893850946,0.14451270801547117,0.11928870999588011,0.21542063124383767,0.2077959474525773,2
0.2230601419118015,0.0851352803043556,0.1487314015947931,0.11809383516586343,0.20702534470103992,0.21795399632214646,1
0.16973623778289554,0.07159616952725675,0.21435143695301345,0.07095127028557834,0.1277565967496518,0.3456082887016041,0
0.1239760510750398,0.06761494299246239,0.08590826729036802,0.06323210774237838,0.06936957374373459,0.589899057156017,5
0.3629649564889944,0.05431141025231094,0.05884310018507377,0.24466410687357742,0.06792933223120012,0.2112870939688434,3
0.2644644355317851,0.10261685604140937,0.14078648082622908,0.12006283921133691,0.09999058968609423,0.27207879870314533,5
0.3511181346681349,0.05189396566195442,0.07526407229555797,0.1607815108951473,0.08336521696019465,0.2775770995190107,5
0.1018063526114028,0.052079240163257476,0.09828322966792266,0.05207951178706875,0.05360820727922514,0.6421434584911232,5
0.09444667082720316,0.053996842042007054,0.09319104579722712,0.046145176558827515,0.046910969925475575,0.6653092948492596,5
0.04269961399909769,0.022949419781168046,0.011518778746828256,0.02652528550837669,0.010360616433114115,0.8859462855314152,5
0.09165555534623125,0.021180944215618558,0.020565824092881567,0.027724416846945113,0.015670315042779322,0.8232029444555441,5
0.12067634224029503,0.06935745857149472,0.13036313535711005,0.058865851000644405,0.07646573532551025,0.5442714775049455,5
0.21267584574032122,0.07661656509500449,0.16052284241659837,0.11126403795591905,0.21309005215427368,0.2258306566378832,1
0.10651934124784213,0.06980400217332643,0.10184071236517069,0.0599016057392317,0.05271932648565555,0.6092150119887735,5
0.10476113957996987,0.05948001750400229,0.11081563791235687,0.0482971809413925,0.052225213031771626,0.6244208110305068,5
0.1566117019042657,0.03639688138297882,0.05164626733946902,0.26058891139536056,0.280966345957563,0.2137898920203629,5
0.21398654988461607,0.11515625433023852,0.16967322041692046,0.09893994500466796,0.14376962065015053,0.2584744097134065,0
0.13690046565471356,0.01642605259969146,0.024576037242497174,0.3995091133748727,0.2368967741363725,0.1856915569918526,0
0.234030828463967,0.10385368249207474,0.13061251390263817,0.1288739462140892,0.2055352911334264,0.1970937377938045,0
0.11511334905329296,0.0261261276476643,0.045521099895372605,0.31967597017331495,0.12484995568319474,0.36871349754716043,5
0.053734360142837695,0.028947060827122464,0.012786446288852185,0.03309656801362103,0.011206162422088908,0.8602294023054778,5
0.06308612968540465,0.04962955961983861,0.02139225820678536,0.041532588002337556,0.01370937291397385,0.81065009157166,5
0.21030781838223295,0.04762783447865888,0.10218600174559196,0.13571943318453747,0.26989684912026174,0.234262063088717,0
0.06607710288682378,0.03554221772352675,0.014840156684843252,0.041523879947887365,0.01530977492017319,0.8267068678367457,0
0.06466122285706773,0.028562282873369347,0.040320427964917915,0.033356786247133195,0.03693380376806861,0.7961654762894432,5
0.36869975266587257,0.05522255302571869,0.059017750428895246,0.21973344829407565,0.06794840444419135,0.22937809114124655,3
0.07304560541967631,0.04355913337014662,0.01619430454741995,0.044085840931205295,0.016126055845678246,0.8069890598858735,5
0.15970663209096606,0.1952302147058959,0.08327328546397704,0.14114783440921552,0.05176937848574449,0.3688726548442009,0
0.3641022483184534,0.05272411789952633,0.08115626807274827,0.08092247414157568,0.07585516008602353,0.34523973148167275,0
0.19849576686367976,0.11221433135114733,0.14410916487127412,0.09952702550342826,0.10686776088362498,0.3387859505268455,1
0.06279514321967061,0.049467028701253836,0.02134643054370433,0.041368384173603875,0.01367565479458747,0.81134735856718,5
0.1960536713428445,0.10079044045727503,0.1882326783618333,0.08658403105668319,0.10406368919593094,0.324275489585433,2
0.14272818043677396,0.041871139045522206,0.05684749624745166,0.3112045085897553,0.16186417181429424,0.2854845038662027,3
0.054670085424145975,0.0318235480458887,0.012309083627950575,0.036936883773453645,0.013073328675395155,0.8511870704531661,5
0.2073067880749882,0.0703784522316906,0.5188383578780136,0.0563528504549042,0.08833401345116945,0.058789537909234045,0
0.21219486760145972,0.07830670811455409,0.15836903654503978,0.11110336574343865,0.22282599433042694,0.21720002766508084,1
0.19756446238935127,0.1382285733842149,0.08220152659651674,0.10983476428795139,0.061653509663696295,0.4105171636782694,0
0.16481341610427605,0.05013741453914028,0.06588577465310876,0.11405957586906043,0.08548175071001987,0.5196220681243946,5
0.22714587258645863,0.08783415787488859,0.13593380123178783,0.08428474989124266,0.13223859490919362,0.33256282350642874,2
0.12102288844981011,0.038759769169317664,0.0525062147819872,0.12807574278725165,0.17540594481460214,0.4842294399970312,5
0.23563371310319078,0.1075037004528617,0.17002643954373142,0.10141549996557331,0.12628393199825882,0.259136714936384,1
0.11518756749614223,0.01753748484481578,0.02146126067791792,0.40244501299286356,0.2609767313375347,0.18239194265072575,3
0.20690450627360424,0.1131343181076781,0.15571192958267097,0.08947944698968105,0.09549324045483187,0.3392765585915338,1
0.2189564169398778,0.08134576704830415,0.1535219751992162,0.1151917583974344,0.20971110616464783,0.2212729762505196,2
0.1648282602239982,0.03815303758711513,0.05974854039730599,0.3157210457873723,0.229120627263253,0.1924284887409554,3
0.22097922189750163,0.10978389419320606,0.14428798421070346,0.10467646632631199,0.12439145980281913,0.2958809735694578,3
0.14027130698386603,0.07491750349472683,0.13539040849008546,0.06368642591957847,0.0636020965288425,0.5221322585829007,5
0.05246121707773588,0.028214896048118027,0.012536482659585554,0.032389678445958706,0.011005646046191255,0.8633920797224107,5
0.2153649034681652,0.06569342564397483,0.16985030564001208,0.09975364372195093,0.21950833242404197,0.2298293891018549,2
0.1236861015459633,0.038977386391854635,0.06642936204321885,0.07242254500640495,0.06659064342858097,0.6318939615839773,5
0.07079349661241764,0.03913448705118489,0.05578050889432084,0.037621561819495636,0.03476474092948883,0.7619052046930921,5
0.09118781862166912,0.04389073660096891,0.07664580223873685,0.05319734204357565,0.06650992746027576,0.6685683730347737,3
0.23410162570220922,0.11115342696354788,0.16427718967919422,0.10914309377209902,0.11919727122028298,0.26212739266266666,5
0.21977873050327978,0.11446750821153787,0.19943292250752845,0.09550053059799508,0.10857649316995577,0.262243815009703,1
0.041093505222940564,0.022090927388283003,0.01133862007048179,0.025596703096993363,0.010244910192711749,0.8896353340285895,5
0.42437774083598867,0.04921917344736043,0.07693558242630398,0.07575148257285713,0.07423772674008133,0.29947829397740844,5
0.0944462991383379,0.05399684118616514,0.09327026977235904,0.046145163722452594,0.046909742776172006,0.6652316834045133,5
0.09076644382350545,0.020673001362541993,0.02039969518728292,0.0272289308691196,0.015539586886691674,0.8253923418708583,5
0.07780764677813322,0.04807890502933132,0.023990577137013455,0.04674847304563959,0.016995318893834252,0.7863790791160482,5
0.15844484611998003,0.05581982227003302,0.21137747911112872,0.07661538467084056,0.24381157828858324,0.2539308895394345,2
0.36622937959823343,0.051669855853851025,0.06569818174944211,0.25335131575832776,0.08487108044039132,0.17818018659975435,3
0.19598968842878986,0.07226200821683607,0.07484318536605566,0.15530989723005054,0.12109558596331342,0.38049963479495447,2
0.18146936244384418,0.05580137570199997,0.2775145261925098,0.0673254890036788,0.09458308400896331,0.32330616264900386,2
0.20317555448744315,0.13165816116162968,0.06888407818437721,0.16043206004301108,0.05569252252049014,0.38015762360304883,0
0.32004644296987,0.05356921389951209,0.07962589314304379,0.0769243243105237,0.054640271771898,0.41519385390515234,5
0.08574320335318633,0.03279555568177716,0.057874740757823916,0.04399105426285493,0.05336331464219626,0.7262321313021614,5
0.36848377489690376,0.1341911422274999,0.13809621919377932,0.11699392835345367,0.11529267272224097,0.1269422626061224,0
0.06843627742639236,0.04831050889866627,0.01980757585146077,0.04429488242952079,0.017014939526240485,0.8021358158677194,3
0.128388145057732,0.06728998845649356,0.12274114750126426,0.058850423502603826,0.0708342027619476,0.5518960927199588,5
