prediction_'D',prediction_'H',prediction_'P',prediction_'R',prediction_'S',target
1.2283385335008575e-08,1.7336387855470922e-07,0.0047755504527790356,0.00038433888991370514,0.9948399250100435,4
0.3749788714690588,0.24357118718020165,0.16677341891842165,0.04401938550441366,0.1706571369279043,0
0.5898516117766576,0.20725392286818883,0.07126406341087248,0.024793859732370176,0.10683654221191098,0
0.6289334629034934,0.19044030527128822,0.06004981208162908,0.018153584538190815,0.10242283520539848,0
0.20039589120591503,0.19165796551378161,0.28508304444535354,0.02567181934538824,0.29719127948956164,0
0.681811270885493,0.08380510454316192,0.0679562233185282,0.027741278524585675,0.13868612272823125,0
0.6871680295912351,0.1632770477840981,0.04470688848134019,0.010749113442581231,0.0940989207007453,0
0.00024788537918745004,0.007558356668403181,0.6936706095670985,0.0059078871901083975,0.2926152611952025,2
0.23520865063622975,0.16654581051041165,0.13042368995566325,0.10398652313123308,0.3638353257664623,1
0.09908415158147374,0.06875899239398967,0.19567685737007992,0.1451105987567576,0.49136939989769907,0
0.16980917815625446,0.23523985964987262,0.21321837503409005,0.27321025906160523,0.10852232809817763,3
0.6212275562872633,0.19385207858487472,0.0622057223729686,0.019347375050362197,0.10336726770453114,4
0.6677981538132571,0.17256845950438277,0.04961752733914634,0.01291414368336056,0.09710171565985322,0
0.1778262745107895,0.08685722210721172,0.0935773160133931,0.284579790897281,0.35715939647132455,2
0.041407827430897916,0.038834299420500706,0.21438570249624717,0.260794256813988,0.44457791383836626,4
0.1428215630542901,0.17541076547439505,0.3599629725422626,0.02644262143693822,0.2953620774921141,4
0.495430570564413,0.21511407077709596,0.11033960119505817,0.02291167735291523,0.15620408011051753,0
0.00016198426791126167,0.0014045017808893365,0.25274070224987993,0.007830313479583302,0.7378624982217361,4
0.5248926796050808,0.22056303689968432,0.09582068268960377,0.02822203445656178,0.13050156634906937,0
0.5807296019694206,0.21099511098559964,0.07397838356354154,0.026565044082069358,0.10773185939936887,0
0.013659968877202866,0.055600953016806696,0.5622955293723181,0.011854752306460888,0.35658879642721153,2
0.18461235335206722,0.15795409943855976,0.243720987555491,0.014478665148146764,0.3992338945057352,1
0.08527947208726142,0.1382978443460736,0.4307227932031203,0.02111589672267286,0.3245839936408717,4
5.008776621566204e-07,4.869105880751438e-06,0.020315756012033566,0.0029934844474977422,0.9766853895569257,4
0.019184721261785047,0.01657162242494675,0.0939844756814265,0.5910797930565906,0.27917938757525107,2
0.14777329272637676,0.1951913095925867,0.25329989987078816,0.06446206007069975,0.3392734377395486,3
0.6107371710778392,0.061156303842628254,0.13033603500585314,0.1372364564116877,0.0605340336619916,0
0.6715058905737182,0.17080871198902145,0.048662226731365395,0.012478049042870533,0.09654512166302445,0
0.49437637576474996,0.2228684501743339,0.10938905366792583,0.027911789726639828,0.14545433066635058,1
0.5004278915524553,0.16355774610537718,0.10250580568890098,0.07234983561030463,0.16115872104296192,0
0.5303279851041411,0.21295537830941727,0.09517283617573458,0.02330696925085789,0.13823683115984892,0
2.3728510490145368e-07,0.0001254385579458631,0.7657124685205166,0.00011663718710259848,0.2340452184493301,4
0.06687865247326777,0.048236182894599106,0.15094779973669623,0.06631450334141778,0.6676228615540192,3
0.4107082563429586,0.22505708634496316,0.12992670270249856,0.033558773125818446,0.20074918148376106,4
0.0007408375060771726,0.008062851396676287,0.3887657933772009,0.001648384648360787,0.6007821330716848,4
0.06718075823620176,0.052544169940302504,0.08721929927320404,0.42819832500176996,0.3648574475485218,3
0.2973693508706723,0.17776057086147434,0.20753532265721808,0.011182781403573283,0.30615197420706186,4
0.15024205794626982,0.17105756008829254,0.2564516849742714,0.24371098092822804,0.1785377160629382,2
0.0027245550829794103,0.018815849682741102,0.41084865789844205,0.003684607397250756,0.5639263299385867,4
5.123157725451265e-05,0.0004298792925118418,0.047097176003417895,0.004536478427048605,0.9478852346997672,4
0.6089156347339284,0.16901771917482206,0.06856217785263576,0.008726409089766783,0.14477805914884712,0
0.0003829369990256065,0.007820817326896172,0.5568561833094875,0.0032837682140669437,0.4316562941505237,2
0.0067033729225752636,0.004977016354209088,0.017144706670066352,0.08941159924614414,0.8817633048070052,4
0.004337221811690832,0.005504713348701646,0.07711465002206433,0.3601784943225264,0.5528649204950168,3
0.025096735790613764,0.010419727189463723,0.02649037704798718,0.276841659857488,0.6611515001144473,4
1.4471960287006152e-05,7.543517120841008e-05,0.24837101475569182,0.5952556911577678,0.15628338695504504,3
0.2613129665859417,0.21557884757490337,0.1494763559309154,0.05884255473923932,0.3147892751690001,1
0.6077682722746286,0.1996995191098841,0.06603739135287075,0.021565399464354026,0.10492941779826251,2
0.07012910603386166,0.12854377761107505,0.34923347035928115,0.2340192563276516,0.2180743896681306,2
0.668234285419331,0.15799846611222398,0.05062870194045352,0.008006194956729275,0.11513235157126216,1
0.6042490082556652,0.20120444410302912,0.06705285004876006,0.022174139063260635,0.10531955852928496,0
0.28157759773248997,0.20672472585099133,0.20238679896919476,0.08088126797228914,0.22842960947503477,4
0.672009016915568,0.015438092375123027,0.042729855090385745,0.05126157682337043,0.21856145879555264,0
0.0585089284080169,0.0482304559574486,0.23215373151403698,0.17537281249549083,0.4857340716250067,3
0.01093523629724233,0.04994712554468253,0.563711996220367,0.01168719824286632,0.3637184436948417,2
0.23210330323213996,0.20260981743445095,0.27051399529246173,0.02617129552266263,0.26860158851828475,2
9.147794206609946e-05,0.004247681625973741,0.687863231283182,0.003625948101519514,0.3041716610472586,2
0.6778519151047415,0.024192159801916795,0.11067923611746704,0.14966795732645258,0.0376087316494221,4
0.3487346957128058,0.23393755106907993,0.14029154478820466,0.13822777627025515,0.13880843215965447,3
0.5275794518705088,0.22171353603394028,0.08655753800988938,0.03281168164319363,0.13133779244246793,0
0.7513669868336852,0.13091636412955748,0.02992304978858807,0.005367291803864301,0.08242630744430483,0
0.002830789765274266,0.005311383257143398,0.08815680398478318,0.029586184706468406,0.8741148382863307,4
0.4444741481785263,0.2496988722499906,0.1240000426909711,0.052646761221689264,0.1291801756588227,2
8.573490955164986e-06,0.00028362519413502904,0.01207481160544927,0.00037669543443434047,0.9872562942750261,4
0.6032760000896302,0.20161873524738705,0.06733458173141635,0.022344598106881046,0.10542608482468534,0
0.0060914462425191674,0.02163659931767904,0.27732144508961565,0.03232360860172237,0.6626269007484638,4
0.00047490188501690705,0.012571717758119286,0.6963398778639696,0.015480753873772178,0.27513274861912207,4
0.0018863935365355195,0.01864094945442794,0.5748740987944098,0.005432180797969487,0.3991663774166572,2
0.13217909461049682,0.10700403980339869,0.15032131360859874,0.2035757968247708,0.4069197551527348,0
0.11571062892531266,0.050329453088517384,0.06840737536795842,0.4738850206391869,0.2916675219790246,4
0.40804376716469765,0.23944930321634889,0.14921830219486426,0.039176953463867285,0.16411167396022194,2
0.6153129181926448,0.19643945740526186,0.06387930042074479,0.020300888239535995,0.1040674357418125,2
0.6238319935428547,0.19270408715027904,0.061473943502023384,0.018937826953392207,0.10305214885145052,0
0.7243442089945595,0.07372622985895094,0.05131607376150148,0.013023116338771611,0.1375903710462163,4
0.6072589351053121,0.1999179500755706,0.06618401304502951,0.021652749560289664,0.10498635221379805,0
0.6048955809320248,0.19439678936102586,0.06828104264963891,0.018066263355824404,0.11436032370148604,0
0.0012803777202109235,0.015735674711788775,0.4593393605545389,0.010825125837033314,0.5128194611764282,2
0.07884874015761235,0.05731550952366505,0.08850097856622961,0.47429388221796154,0.30104088953453134,0
0.6844694067644301,0.16458586092605337,0.04537906953188181,0.011034254653580395,0.09453140812405435,0
1.1500194092243457e-05,0.0012250007614601824,0.6573334086215037,0.0010961618021170408,0.3403339286208268,2
0.5663830958751929,0.21331121058355162,0.07945752708455434,0.026641746106063274,0.11420642035063788,0
0.00012576711201880712,0.00016385241740710026,0.010817731731532701,0.0014740429812284302,0.9874186057578128,4
0.5180225829041603,0.23461101054192085,0.09351911298057825,0.041352313451999786,0.11249498012134086,0
0.21926722224277415,0.1666201063587399,0.15094915251057525,0.2336974723394087,0.22946604654850192,1
0.515605169964541,0.213059547427348,0.10160621465129072,0.022564420841699094,0.14716464711512128,2
0.5392119567104059,0.2270626009813271,0.08675437984102267,0.03581215968011184,0.11115890278713246,0
0.032267914318089654,0.05615167345895099,0.1496233603718853,0.20636068911616587,0.5555963627349082,4
0.16097936251471442,0.11752417073364656,0.12399011944689527,0.40462699261948143,0.1928793546852625,3
0.201056681589092,0.1733783950185785,0.1852492557421056,0.026920755505089645,0.4133949121451342,2
0.3279799059935883,0.22261490229083727,0.1796626793589062,0.06865663444977352,0.20108587790689472,2
0.4406545780645494,0.2368077114626529,0.13236927912717308,0.03711276171030423,0.15305566963532052,0
0.4183155653153981,0.2591051859918598,0.1263331422347854,0.07860859116426992,0.11763751529368695,2
3.863324555287975e-06,0.0006160426756607455,0.5076635085748659,0.0006532337322419674,0.4910633516926761,2
0.5824099681882003,0.21031141038431056,0.07347574687942003,0.026232101650520857,0.10757077289754824,0
1.0393716068626413e-08,1.7017891768132588e-05,0.5389888366823489,1.4523563817207784e-05,0.46097961146834987,2
0.4107034676886614,0.20818966433926384,0.11061932502909246,0.03834697308007769,0.2321405698629047,3
0.6405796429922531,0.18519873233880363,0.056845269965605,0.01645015232035357,0.10092620238298479,2
0.6654711056035691,0.1736682457614777,0.050220741706736,0.013193242202769928,0.09744666472544726,0
0.700133865177507,0.15692663050501784,0.041532545393174004,0.009450305138475107,0.0919566537858261,0
0.22145618907770181,0.11529762259374557,0.14278231328998592,0.26052332225014563,0.2599405527884211,4
0.0435786467168354,0.02019237300048174,0.042147250191980894,0.3865175802457409,0.5075641498449611,4
0.07727329262461373,0.05309196280014813,0.08332439335294775,0.47763449624855114,0.3086758549737393,3
0.020363861967239806,0.025802833599064177,0.15097654529434398,0.6521265338943221,0.15073022524503005,4
0.27859276817433354,0.24832393431155841,0.22660133537596233,0.06177930224494711,0.18470265989319865,2
1.5639417354949805e-06,4.645194034033363e-05,0.33854551403739047,0.03137211370896257,0.6300343563715711,4
0.026105842435785256,0.04050079730465992,0.2785211238209183,0.06515822211161679,0.5897140143270196,3
0.01960861144423614,0.023932194556592748,0.10411623948830473,0.07171775911470396,0.7806251953961625,4
0.02118559236003813,0.05474492109497657,0.40683479459219024,0.03633783631411329,0.48089685563868173,2
0.5957872173408468,0.20478104175832848,0.06951694590665203,0.023688256178021675,0.10622653881615096,2
0.5396785464745266,0.21551424384704165,0.0853071984227033,0.027732971889150096,0.13176703936657833,2
0.12860952162632175,0.00933672920934493,0.40382285309702304,0.012165820464419117,0.4460650756028912,2
0.004221236081403549,2.616295822830686e-05,0.002716861470240522,0.22523595048942616,0.7677997890007016,4
3.810105601290015e-08,3.971139880269658e-07,0.003515650134428695,1.1481340011312649e-08,0.9964839031691871,4
4.660661422186672e-06,0.0006484039723212645,0.5743976044874174,0.0009617037300180952,0.42398762714882104,4
0.7251180141087875,0.14441541728570012,0.035680518309812066,0.00726145083275044,0.0875245994629498,0
0.6224652229379567,0.19330719235788485,0.06185757453645037,0.019151972289938705,0.10321803787776943,1
0.021294490702498312,0.058893733169951716,0.4027142379644347,0.008477689401005836,0.5086198487621094,2
0.05187365491478024,0.03700288759323743,0.08617424938735016,0.3117857919554038,0.5131634161492283,3
0.11678631758917275,0.07371116349470037,0.10667538214764476,0.4793998857957816,0.22342725097270041,1
0.12726634322386665,0.21358258040397948,0.3253756365706537,0.16548663274505923,0.16828880705644103,2
0.08423284932060786,0.048488359761532096,0.14196909138253372,0.024883680406704894,0.7004260191286213,4
0.006920527871268281,0.004400316370144982,0.044462808994353765,0.01361732189737953,0.9305990248668535,4
0.23346334494277693,0.21749908154433012,0.168112366950277,0.2271201715924026,0.15380503497021336,3
0.06888108131182122,0.04626807439125218,0.07707688124658804,0.4538507453065954,0.3539232177437432,3
0.3544668699346739,0.1697072734673539,0.16424994718258934,0.00826882834754841,0.3033070810678345,2
5.488036325922191e-08,4.742410148496851e-05,0.5592182171746433,4.286807411774439e-05,0.4406914357693906,4
0.016888693316270912,0.021136157140757478,0.20726140589437045,0.4100398614124906,0.3446738822361105,2
0.46387664881188206,0.20084819183459618,0.12524340571461728,0.015580662305177462,0.19445109133372715,4
0.14011691894049075,0.15613162481198226,0.15930879173648999,0.15245842299649148,0.3919842415145455,4
0.631357861579269,0.18935752484896018,0.05937734287243015,0.017789113590041657,0.10211815710929895,0
0.3053561011950738,0.27763640607010676,0.16605429204469138,0.14181877613886423,0.1091344245512639,2
0.004472714769536234,0.0025972967653881906,0.01951103594711108,0.041786586959806034,0.9316323655581584,2
0.25273404353741813,0.23774015129917553,0.1635950923774423,0.09283096553835318,0.2530997472476109,4
0.12741125555244248,0.1699330089616544,0.32604133189061413,0.04288374622413202,0.3337306573711569,4
0.37938208457654715,0.23537820629104966,0.16671511850378645,0.03602309816760595,0.1825014924610109,4
0.5656397368457282,0.21702148925468542,0.07854402596161184,0.029694146483880565,0.10910060145409398,0
0.20187882456735617,0.23626880982449722,0.22978839478605811,0.18452214253836485,0.14754182828372367,4
0.4005329485136221,0.21651714421918894,0.15704030388142778,0.022765136159884146,0.203144467225877,0
0.003082922961190135,0.0047193779297579905,0.041344256600304316,0.06394783221376725,0.8869056102949803,4
0.4396792920883287,0.25811228730241553,0.1196634549216067,0.06760598720008794,0.11493897848756111,3
0.42706953042886214,0.21124681906184695,0.11273855057692762,0.0963431385299241,0.15260196140243903,2
0.025793145505790788,0.026882205972557412,0.10712807331296825,0.4464744358323645,0.393722139376319,3
0.8417422170102882,0.015446091917522022,0.04669173542408049,0.03091584777724036,0.06520410787086874,2
0.006597927812313263,0.029800550209571577,0.37304859139054564,0.005058139177553709,0.5854947914100158,2
0.6438242602975816,0.18372060528664066,0.05596421964631451,0.015996552377014996,0.10049436239244829,0
0.5452869972768934,0.22481432398275747,0.08484392302190646,0.03433065635954653,0.11072409935889617,1
0.5281931906039989,0.2310457686994937,0.09025300009633312,0.03861924107090793,0.11188879952926618,0
0.35979190835947245,0.2714286895878777,0.14672825125984756,0.10218961926494483,0.11986153152785761,4
0.15834027847102097,0.10663583954228185,0.21880356406989676,0.2080759441791808,0.30814437373761955,0
0.6726852165978318,0.17024708784147108,0.048359877805023814,0.012341533056323543,0.09636628469934973,0
0.0016892466926672841,0.0019137704452188346,0.0615051241930233,0.16688022581778364,0.7680116328513068,4
0.09360262750602372,0.10598419765191663,0.14111778952465442,0.4057395309579811,0.253555854359424,3
0.007865990448664937,0.009646181171106653,0.045025443854572356,0.1086182586396939,0.8288441258859622,4
0.06490201362441576,0.04818119041411195,0.10281106313218608,0.5680113464481235,0.21609438638116274,3
0.021123931315908156,0.017136152822344486,0.10217575860142818,0.37247703943086125,0.48708711782945785,4
0.26119099249135114,0.20504628018782814,0.24650768717216792,0.024119879206456012,0.2631351609421968,2
0.0773524764906296,0.028026075519706324,0.04807827143030327,0.6095460418422533,0.2369971347171076,3
3.448340015114066e-05,3.9266108733525205e-06,0.0011655584082851539,0.1636563752344962,0.835139656346194,4
0.38153519953741083,0.24610272284836718,0.1618538260049171,0.0466085756567449,0.16389967595256025,0
0.16480974416430014,0.16712125059579666,0.37610700801750235,0.05046359474192756,0.24149840248047333,4
0.5756373059236835,0.21305175514843452,0.07550875918080957,0.027592752383508116,0.1082094273635642,0
8.467024516656286e-05,0.0007329297953371974,0.058136033673595655,0.002333798818339286,0.9387125674675613,2
0.12413349301219785,0.1656527072768145,0.35782778447125757,0.02746681487346764,0.3249192003662624,4
0.00014473791267330236,0.004299078169384977,0.5686224063703978,0.001663511657901409,0.42527026588964245,4
0.34172353893487284,0.22805660387503432,0.16652730376237415,0.03805554580946028,0.2256370076182586,1
1.186627373365721e-07,1.6188389165706395e-06,0.01579576264562128,0.0015979924904011744,0.9826045073623236,4
0.010473034934675704,0.05043845748878756,0.548823359540659,0.013939878103193214,0.3763252699326846,4
0.6511608342673588,0.18035038956699181,0.05399120890119296,0.015003622384709103,0.09949394487974725,0
0.09886479401339662,0.048191842462373194,0.0674266504781322,0.5825741896048997,0.20294252344119826,1
0.09512639046386796,0.06559175788332396,0.10991753123715281,0.25224367006387804,0.4771206503517772,4
0.4456431655357457,0.24109245406459112,0.1280510418511538,0.041653475539800866,0.1435598630087086,2
1.3912303304526425e-08,2.492766387788366e-06,0.27647858925261315,0.0013568997329456536,0.7221620043357501,4
0.00015263350312672464,0.0006105667699290761,0.0334423685079095,0.0004128340131497497,0.9653815972058849,4
0.038077733993941786,0.016460085036962172,0.03630845621576223,0.3617175176569907,0.5474362070963432,3
0.006673205403060008,0.020725514320686617,0.1820536577043872,0.0021927322673353715,0.7883548903045308,4
0.004571052833366275,0.03375506278416835,0.6213551522539201,0.011570141987052869,0.3287485901414923,2
0.31545396533546743,0.26123183630758284,0.15837112535242623,0.1456964301494382,0.11924664285508521,1
0.12815609520708857,0.11073645948512319,0.11625752275735848,0.10360210355049704,0.5412478189999328,4
1.552654379090937e-06,0.0003491958613718346,0.4875890639865102,0.0003592411482143634,0.5117009463495246,4
0.3891418678690868,0.1263770923982411,0.08485659124566489,0.1456190948785489,0.25400535360845833,4
0.01005004997650385,0.016687907416898715,0.22382669063997182,0.046394346238427656,0.7030410057281979,4
0.00013876119746436368,0.0021669863523301656,0.5282393973543071,0.061216558434674835,0.4082382966612234,4
0.5621091879753202,0.20395003609351184,0.08340240397219341,0.020045036891673397,0.13049333506730118,0
0.031652636531403745,0.029048049838193125,0.20080689567945195,0.2167337620581378,0.5217586558928134,3
0.43739631066574136,0.25868194115194637,0.12044610387377104,0.06852613205425553,0.11494951225428564,4
0.5384125799029833,0.1383204234155517,0.09925237256953681,0.08748617830932744,0.13652844580260076,0
0.07042864864973655,0.058618518484740346,0.11997287189795759,0.4816990584493433,0.26928090251822223,0
0.021496798811621146,0.05173532100927759,0.35528631895390905,0.005200727105184582,0.5662808341200076,2
0.07967868971057518,0.0604816982135001,0.09244874005017105,0.47048693516918094,0.2969039368565727,3
0.6527632051537369,0.17196688923590023,0.054532827698963914,0.011548655540419466,0.10918842237097964,0
0.42917288741022824,0.21470186590094817,0.1420859595620854,0.021593726695982987,0.19244556043075528,1
6.446164454617243e-14,2.669124576137689e-09,0.21717822219519653,8.040274380844632e-08,0.7828216947328707,4
0.15824950138937477,0.08223090131154968,0.11734018285932662,0.3928916322735924,0.24928778216615652,3
0.17701569063178316,0.2057485946632713,0.32462530830481684,0.0411300726388089,0.2514803337613198,2
0.0013756385704127001,0.0015306642370148218,0.04010653658562598,0.011290051484821737,0.9456971091221247,4
0.6504236346557534,0.1806907703205192,0.05418825169212528,0.01510137025711794,0.09959597307448423,1
0.0023747320806431636,0.01236921580585369,0.17881818176606942,0.01061859756920421,0.7958192727782295,4
0.008100618996418394,0.03125480604742371,0.39113233197817565,0.01150291638752479,0.5580093265904575,4
0.06155021605415147,0.06662021417711776,0.10849002793027483,0.26676398900192766,0.49657555283652827,4
0.30451669721422425,0.21579745012284782,0.21563058667523421,0.026491807939851394,0.23756345804784232,4
0.020512118363356906,0.032480260807813646,0.19249208127874745,0.04218038957316538,0.7123351499769166,4
0.04758533892334516,0.10091169322940256,0.4850620113514938,0.01477408865942151,0.3516668678363371,2
0.6450296677384554,0.18316952217913063,0.055638219736659895,0.015830315323877443,0.10033227502187644,0
0.0838223810781791,0.031130533793800173,0.543513621451647,0.06730699612392604,0.2742264675524476,2
0.0509075871040672,0.09848029685584286,0.3651006612233363,0.015864531069454405,0.4696469237472994,2
0.000816598753643188,0.01585495251938946,0.720680715273809,0.022874369313646233,0.2397733641395122,2
0.21342337185680083,0.15598138820112434,0.15136777871548476,0.09959617573014272,0.37963128549644737,4
0.09832293525200243,0.06014961222832145,0.12315178697786469,0.47104668343782485,0.2473289821039866,3
0.6913644080144273,0.1612328893695181,0.043669464134226225,0.010315981982613222,0.09341725649921487,1
0.01051363109473216,0.022171520376548914,0.2599744324298041,0.11183733751028829,0.5955030785886265,4
0.5278611082850482,0.22537049875520218,0.09288178003057278,0.032602507307374615,0.12128410562180222,0
0.019782956387675743,0.06375477117383536,0.525835093434247,0.010668585717067537,0.37995859328717446,2
0.48906772340777827,0.19410349921373699,0.11380816160886947,0.013414086173742762,0.18960652959587254,0
0.564812542116398,0.16539062300556334,0.05635070781119957,0.011572136765837267,0.20187399030100192,4
0.2027918798969521,0.12432367784149746,0.203876211867682,0.021598422042769027,0.4474098083510994,4
0.6792824716310393,0.16708864819631758,0.04668201584606113,0.01159707192210906,0.095349792404473,0
0.02041720638447444,0.09639230174309826,0.5823289077943867,0.06757783792479154,0.23328374615324893,3
0.0023208909192434586,0.0042476754706588125,0.0646700280436541,0.01608977322519553,0.912671632341248,4
0.0005127525672863299,0.006559434868238606,0.40642079119536,0.001065386925279622,0.5854416344438353,4
0.006199504730480996,0.01856181545786223,0.28504169665441503,0.03513502911136548,0.6550619540458762,2
9.768433331632724e-05,0.0009433325492965774,0.3979689250329182,0.10876397833115266,0.4922260797533161,2
0.3763455628166654,0.23778715754532445,0.16787130779886192,0.03825189505525402,0.17974407678389404,1
0.002603477882187652,0.0023942921662895005,0.0317552386238427,0.017347399685045024,0.9458995916426353,4
0.045602211691443253,0.01175387213752785,0.06593951975688377,0.41537262251192986,0.46133177390221514,4
0.0002067421227529082,0.005662356312097717,0.7302324740126352,0.0021228617436673575,0.26177556580884676,2
6.228413284681021e-12,8.452606138174271e-10,0.09319066456011983,0.007519958811410613,0.8992893757769805,4
0.04364791980767941,0.040403727472350555,0.21329463217208136,0.2604839030171627,0.442169817530726,4
0.02111024640607265,0.012987636711638152,0.03351213799917685,0.2189254327076933,0.7134645461754192,3
0.12665539079758154,0.09804122137311332,0.11876347893743884,0.3829607172598607,0.27357919163200556,3
0.0017486719778310852,0.01801998646646063,0.5548763958239399,0.0057136181335943085,0.419641327598174,2
0.5717376069484166,0.21461102746076072,0.07668791494719046,0.028399085052043565,0.10856436559158861,1
0.30346728953862556,0.23666676481613216,0.19136140261100304,0.04950948845713702,0.21899505457710222,0
0.5007816743376365,0.2404010909051451,0.09913154498182947,0.046312384288057826,0.11337330548733104,1
0.6599998615924413,0.07702971550934479,0.08075865275452825,0.06888070044254035,0.1133310697011454,1
0.6075414776595368,0.19979680680986497,0.06610266376603137,0.021604262904037507,0.10495478886052934,0
0.507479856265906,0.23084404112580892,0.09394657927337428,0.03902382748068692,0.1287056958542238,3
0.13608301258658156,0.09922285765644871,0.1185982567448865,0.359099257768383,0.2869966152437003,2
0.00016581345072905947,0.002885098702195071,0.13446872080841762,0.006660201627279398,0.8558201654113788,4
0.12689210255134378,0.12424547899805202,0.2598937164923078,0.15270858775039756,0.33626011420789886,4
0.026119468470337425,0.03167898724352206,0.11824865885462295,0.17689736566489347,0.6470555197666241,4
0.628279975552223,0.1907314019810944,0.060231552462832016,0.01825272815432155,0.10250434184952906,3
0.046463428817661044,0.047419036997237506,0.2706639222433415,0.32202283054997927,0.3134307813917806,4
0.6885776944168538,0.160794881425323,0.044542727125946806,0.009958736931828591,0.09612596010004773,0
0.2407795055307783,0.21645840478072112,0.26436795559446363,0.0346171989748529,0.2437769351191841,2
0.0053822738190373795,0.011153796656327895,0.49960910232245237,0.005375996482132185,0.4784788307200501,4
0.574733205445723,0.18972465039244452,0.08005263559321242,0.014073696210707885,0.14141581235791234,0
0.019848355904967918,0.020526109737272084,0.17552341832101312,0.23394093896923296,0.5501611770675139,4
0.14991460245858157,0.0831518025910802,0.16704535705933246,0.2640480902437189,0.33584014764728687,4
0.5175151776808383,0.22927650246551937,0.09147428934315009,0.037675243556908315,0.12405878695358395,4
1.4075143031270386e-09,4.404311271549221e-06,0.3508790626795455,3.5903482843168754e-06,0.6491129412533843,2
0.38111666117457893,0.226251299460054,0.13610338808355923,0.1093114932220165,0.14721715805979127,3
0.0005852052298621686,0.005323754845312754,0.3452763597722144,0.0008686220006720618,0.6479460581519386,4
0.00011773685322775991,0.00036221368381215204,0.056086834448679235,0.055438881208755716,0.8879943338055252,4
0.6008106774323154,0.20266493054298368,0.06805029145241127,0.02278070751788446,0.1056933930544052,0
0.23046316023560975,0.08606141844529645,0.08163967410664598,0.21364962289047684,0.38818612432197097,3
0.6741898716690159,0.1695292140775516,0.04797518219635493,0.012168881324576188,0.09613685073250142,0
0.2696085955495199,0.17746920024822235,0.23023759726328297,0.012011757335460203,0.31067284960351454,2
0.0027273888422017865,0.007150921194082539,0.12061614454141498,0.029371210314434945,0.8401343351078658,4
2.8730200157844727e-05,4.1752394220062636e-05,0.015819063665025557,0.053889121668501364,0.9302213320720951,3
0.35933444070882614,0.24256619481824743,0.16686438336834475,0.046948460332226265,0.1842865207723553,4
0.5694009123945614,0.19837190996802495,0.08130347717374091,0.017586325032602778,0.13333737543106985,0
0.24453370911488065,0.2608300050732896,0.23612242703201405,0.10204711120652775,0.15646674757328793,2
0.04628668743575378,0.043625133198096376,0.23848989912138185,0.1510547276239718,0.5205435526207962,4
0.06113216790837273,0.05498272671459806,0.26867094733313057,0.23542719397200834,0.3797869640718903,4
0.2348030404650999,0.23837224627379217,0.24175060594952752,0.06685616435542613,0.2182179429561543,1
0.09485227899279013,0.05175824043409871,0.0760425090865262,0.426267193779646,0.35107977770693893,0
0.6227896570130774,0.19316416256399377,0.06176643175658884,0.019100984507410435,0.10317876415892964,0
0.03390766258806529,0.037498357364297005,0.23623021049571208,0.1789226008892844,0.5134411686626412,4
0.1561436854087614,0.1418863961279829,0.295208138992021,0.009773679220068172,0.3969881002511664,2
0.4960733536927931,0.21680583853378982,0.1097917202822957,0.02394705771789253,0.15338202977322876,3
0.49601040121408385,0.21413423719466546,0.11020863557469904,0.022368660159510504,0.15727806585704115,0
0.31885659999422217,0.20317632402533348,0.15947598554405853,0.11913476303845077,0.19935632739793505,1
0.651117393342291,0.18037045780738425,0.054002812489881,0.015009369948424847,0.09949996641201896,2
8.29008653070701e-07,0.00022149191550493335,0.3858252615526146,0.00022595995426251048,0.6137264575689649,2
0.5472704602717738,0.022599562042773157,0.10682642709180636,0.007794006321170928,0.3155095442724758,1
0.6499532917960034,0.1537492399532185,0.05576697389156706,0.006406798262742542,0.13412369609646851,1
1.726276853149612e-05,2.9689267550554286e-05,0.005548532885679127,0.0007199689929505686,0.9936845460852882,4
0.4096290724879616,0.24313052135499086,0.14695740970838742,0.0429356211610174,0.15734737528764284,3
3.271664115381656e-05,0.0013470196533858388,0.8891337114420985,0.0012145064910482437,0.10827204577231359,2
0.16687251073335954,0.19409890508396546,0.32783524150299537,0.03458668714849055,0.2766066555311892,1
0.33835035693213095,0.23236628101624085,0.1426743194693178,0.14717759134149208,0.13943145124081852,2
0.00020057439633722023,0.006337192511889753,0.8389704292489378,0.0035182148969746165,0.15097358894586058,2
0.5320286173980279,0.15135975131652982,0.05264837703067226,0.009171416535391925,0.2547918377193782,4
0.008661596113451995,0.0053748664192232115,0.01767488402550633,0.11421817906981077,0.8540704743720077,4
0.6096152562582917,0.19890566748204308,0.06550668554611186,0.021250765642266474,0.10472162507128685,0
0.4813711345066319,0.2372569955225678,0.10464279668849681,0.04307726163348887,0.13365181164881462,0
0.39288330696824986,0.23833260718752033,0.15813315215580553,0.0382907725740992,0.172360161114325,1
5.464792697225973e-07,0.0001164502173740086,0.4478235702105186,0.0005089419835434476,0.5515504911092943,4
0.034533353038127636,0.015358451886202168,0.05467328300377433,0.6684676921683329,0.22696721990356306,3
0.31399729784721087,0.21654698884759235,0.13577572854054196,0.059673612693658694,0.2740063720709962,0
0.6454854987132139,0.1829608543224822,0.05551512810985119,0.015767771695126165,0.10027074715932657,0
0.5806572175356299,0.1993022420373238,0.07677037267865047,0.018798973534534195,0.12447119421386163,0
0.07361704561451828,0.06311250810466902,0.11200643787086195,0.5325513199067415,0.21871268850320916,4
0.039428673360592977,0.01237130944444595,0.036485614478365944,0.6172080305085732,0.29450637220802195,4
0.45788881267062187,0.20553457718722457,0.12815588699989347,0.017419665322128724,0.19100105782013135,0
7.619802549217733e-05,2.396800718441293e-06,0.0002718633583330404,0.08838898209428242,0.9112605597211739,4
0.3437495666093251,0.1983948592652824,0.18406332419691368,0.02774988278526425,0.24604236714321456,4
0.001994710492755435,0.02098776060597216,0.5974294925744573,0.008103621684337054,0.371484414642478,2
0.0725041198114221,0.12232319187047211,0.4277567438632551,0.0168459844118687,0.3605699600429819,2
0.4888896624557536,0.1956324547641857,0.11397146156963159,0.013935749301322232,0.18757067190910692,2
0.5749675144816816,0.2133205424788713,0.07571084394568228,0.02773004378035441,0.10827105531341037,0
0.22787799624135854,0.22083828769652644,0.1866221107938844,0.1300414413502743,0.2346201639179563,0
0.10910774944096366,0.09186279327017485,0.2143951413381082,0.02560293842026674,0.5590313775304867,4
0.6730797533082067,0.17005899650765807,0.048258891474442796,0.012296097037816076,0.09630626167187634,0
0.271462631035729,0.18670127347731827,0.23298624684227845,0.014966015750364433,0.29388383289430975,2
0.32844202329741323,0.19797079751231106,0.17451961155614512,0.01918279477754632,0.2798847728565842,4
0.2197574608354979,0.24362236787087618,0.20713166051054602,0.11924660497733623,0.21024190580574367,1
0.13088400381937965,0.1544642760588599,0.33907488761507215,0.01846740056489987,0.35710943194178846,2
0.3679901105632663,0.24278518379408964,0.17123451191611677,0.04349065355511419,0.1744995401714131,1
0.32237677017408767,0.24319354864967815,0.19960002638638696,0.047561410930364395,0.18726824385948293,0
0.16253827748530358,0.13554352715543386,0.2284387448840908,0.15302122453443545,0.3204582259407363,4
0.3497361908408677,0.19674118995908554,0.18358038258469767,0.01528844663649679,0.25465378997885235,2
0.2757878398806731,0.03037959356592548,0.04625666304431885,0.3251117552007173,0.32246414830836523,3
0.0030147808613841002,0.0032077615715626904,0.06259504424273218,0.02306355720406566,0.9081188561202554,4
0.07874352593272377,0.08230640318106322,0.2365141101095343,0.206614558515103,0.39582140226157564,2
0.038091309104359435,0.026205908236895028,0.05538076964141356,0.3167252171387239,0.5635967958786081,4
0.3572560404798518,0.2737847440222969,0.1482376648440172,0.10772570941257657,0.11299584124125744,2
0.009131609659548148,0.003503542786058725,0.01193059229484486,0.13691344542539013,0.8385208098341581,4
0.00030524291884179844,0.0007494450985679457,0.11940361105346049,0.13453427471933374,0.745007426209796,4
0.4312631728926467,0.24090582277475112,0.11904303754794933,0.08011727101338884,0.12867069577126403,1
0.04903548463575731,0.0967586054201201,0.422632208392249,0.013245913484351168,0.4183277880675224,2
0.3316801136296921,0.22888000815576123,0.1923452218204026,0.04239613276223593,0.2046985236319081,4
0.3118916852000068,0.015420184251313902,0.05103050576127356,0.051473444475502124,0.5701841803119037,0
0.0012435294446818876,0.01714492509246413,0.6579975970010482,0.008103059915760425,0.31551088854604525,2
0.9254324378698975,8.137108599910227e-05,0.005640126006645841,0.020931854149433174,0.04791421088802432,0
0.15324918173950886,0.16093268030100807,0.28725940011158235,0.019494158207756518,0.37906457964014423,4
0.6547245632691726,0.17869955067777918,0.05304252174897524,0.014537381642543923,0.09899598266152904,0
2.183841357780583e-05,0.0001629926990315408,0.030275220915104088,0.00038023575621180133,0.9691597122160748,4
0.6900475460292035,0.16187552880318004,0.04399398848525285,0.010450567730222333,0.09363236895214122,0
0.004353127618896661,0.014425104444745445,0.28772125452365144,0.03390876514419839,0.659591748268508,4
0.01470017861892914,0.016059284033943622,0.21994032890882498,0.1525295799700503,0.596770628468252,4
0.2782936815766047,0.14953574419679097,0.13593980709913325,0.17675997687488368,0.25947079025258735,1
0.1081077062918257,0.08488140728674953,0.20316494446434402,0.29917089935457386,0.30467504260250683,3
0.6771952481838767,0.16809094393199414,0.04721036610869343,0.011829103266963403,0.09567433850847253,1
0.004814185141200044,0.025066259135403342,0.4550106122617328,0.0035245757678018645,0.511584367693862,2
0.5173451647611887,0.23354691100741773,0.09443002925379114,0.0399264544180501,0.11475144055955212,4
0.9023342158930215,0.04879760107580836,0.005643860534350202,0.00033526976667134763,0.04288905273014867,0
5.902661306095231e-20,1.262272658959182e-12,0.07854955101272719,4.710553572337693e-13,0.9214504489855395,4
0.3346527695233443,0.25821592426841933,0.1484952589509111,0.08836944873564237,0.1702665985216828,0
0.372230157169799,0.2716258979152721,0.1429949647043863,0.09906418295904768,0.11408479725149491,0
0.45305563062405885,0.2195600942828525,0.1298168637923126,0.02442950185577425,0.17313790944500168,4
0.010212634337647719,0.03988552146711929,0.428089277761477,0.006400826718611881,0.5154117397151441,2
0.6830623397371413,0.16526647371877637,0.04573109917843331,0.011185001137421944,0.09475508622822718,0
0.002727323376074485,0.0009228967903093367,0.011660763449653102,0.22674624200418675,0.7579427743797763,4
0.5844311969732585,0.19933999778825506,0.07528697164225603,0.01910320598329853,0.1218386276129319,1
0.10531268307001138,0.17682521383649547,0.40501512798312234,0.047595574370742404,0.26525140073962855,2
0.020772810075320808,0.07559234435033721,0.531974249735097,0.021524644571793348,0.3501359512674517,3
0.3926073396820969,0.22092444854385362,0.16123159225646416,0.02537943516746466,0.19985718435012048,1
0.23005879470913307,0.04301760502529459,0.35124670767292393,0.02227719509658823,0.3533996974960602,3
0.0005822919757048443,0.0004960435983807334,0.011825691384123047,0.016073952225779148,0.9710220208160122,4
0.061874350047532285,0.03636724934822748,0.0644543552781438,0.4450821715831995,0.39222187374289696,4
0.6305831031406353,0.18970402938234188,0.05959193714605394,0.017905015215561412,0.10221591511540756,0
0.055057496391103314,0.025009248421498494,0.04763757394684634,0.4474607255841088,0.4248349556564431,3
0.020316467566207048,0.022451519004454763,0.1586359029457754,0.4219556166469144,0.37664049383664844,4
0.1081796447266005,0.07441318349686965,0.21696938293925733,0.13840232638319183,0.4620354624540807,0
0.6776387454705992,0.16787820789196634,0.04709790792477117,0.011779531632571392,0.09560560708009211,4
0.5109108230666616,0.22607538184518358,0.09575432123265461,0.03368701438544033,0.1335724594700599,0
0.36862549663341615,0.2023376322765581,0.17367897944640479,0.016903571346999748,0.2384543202966212,4
0.271791899883601,0.19174077753080168,0.187597255967226,0.09186765643949128,0.25700241017888004,0
0.19699488435638143,0.12980220306734488,0.205914453417147,0.09822859055915507,0.36905986859997153,4
6.538795191677876e-06,0.0008821711970538436,0.6429603256683832,0.0010343781894115876,0.3551165861499596,2
3.993851201432488e-05,0.0003072554323316451,0.025274049171545916,0.00012730071865951282,0.9742514561654487,4
2.3073842213256757e-05,5.459064678242963e-05,0.011362122510174153,0.0015077190168014867,0.9870524939840286,4
0.695283768539825,0.159313976708297,0.042709184637998505,0.00992255909338175,0.09277051102049763,0
0.214048228592362,0.14497217416121325,0.13008760552493243,0.3348575833604947,0.17603440836099765,2
0.08021371696312556,0.05614821880526018,0.09516852447909896,0.5266820135603303,0.24178752619218502,4
1.0728084291553115e-08,1.5154260357483615e-05,0.4267415338496348,1.6343713649338774e-05,0.573226957448274,4
0.044446095986522466,0.011622851364747949,0.033436832018008344,0.048670932482613546,0.8618232881481077,4
0.6724881370442223,0.17034100538616448,0.048410353225962946,0.012364273317694099,0.09639623102595633,1
0.529856608273409,0.2304524055302241,0.0897221355197149,0.03818537215907254,0.11178347851757948,0
0.21809108834275656,0.16051331568543778,0.14108279968084375,0.26750129369330256,0.2128115025976593,0
0.000999982195660107,0.012282591600680218,0.5637650003481325,0.0031769765257395528,0.41977544932978755,2
0.6946494580735344,0.15962516311654226,0.04286402641304158,0.009985510179173908,0.09287584221770782,0
0.0047338031676175995,0.025023856127943202,0.42747516236976557,0.003922848641854012,0.5388443296928196,4
0.6826728305505806,0.16545466344459292,0.04582873682603632,0.011226984018041142,0.09481678516074886,0
0.3758379457337636,0.260479091562182,0.15593396723962535,0.06829932457930699,0.13944967088512197,3
0.023694076558269803,0.019364378752797916,0.1049049341423097,0.6472548801854319,0.2047817303611906,2
0.5468560800370236,0.22422771111350362,0.08435267143365341,0.033955469978054084,0.11060806743776531,0
0.2668208064093662,0.11343171829161937,0.09758724208848896,0.23637579419168447,0.2857844390188411,3
0.22759284824351092,0.22854076938376577,0.1754492411752064,0.1620320808694533,0.20638506032806356,4
0.43666903345284297,0.21270723716411136,0.13837331484687332,0.020593302445346445,0.1916571120908259,1
0.002029268005797417,0.006956166318323389,0.19850908981529364,0.010432369136289352,0.7820731067242962,4
0.47753571606116824,0.21351003177668315,0.11874167779600209,0.02148999478738457,0.16872257957876194,0
0.6547785229451492,0.17867448644744036,0.053028206483976124,0.014530401729683765,0.09898838239375043,0
0.032593032353311145,0.008613646106404256,0.024117272014879735,0.2610719036464311,0.6736041458789738,4
0.13339450291475213,0.1155523804432723,0.17518635167467056,0.30667566201217683,0.2691911029551282,3
0.6341515350339174,0.1881043277869092,0.058605933151774266,0.017375614495320484,0.10176258953207853,0
0.6427286536678143,0.18084057769275527,0.05681388259118634,0.014483463912870708,0.10513342213537336,1
0.3075944656013995,0.19148352719338793,0.1646104198738848,0.11559271567579835,0.22071887165552936,0
0.6143357451007256,0.16304824015917527,0.06663122125959162,0.0074543935051414375,0.14853039997536607,0
0.25060317454352066,0.1548456271515073,0.14447926039134626,0.25356515053441364,0.1965067873792122,3
