prediction_3,prediction_4,prediction_5,prediction_6,prediction_7,prediction_8,prediction_9,target
0.020185244576644595,0.12925869399689374,0.4290208949747878,0.39018329001544516,0.028655519776249524,0.002684921229220597,1.1435430758383793e-05,2
0.02387099387788759,0.015712907834663434,0.7840801809076097,0.16579632931559646,0.00919521192705356,0.0013443718626702744,4.274519043435842e-09,2
0.00030994495297557826,0.005254792540024073,0.3966230992551326,0.4795914420505041,0.09824876317281996,0.019970599336507907,1.3586920358640187e-06,3
0.0001368090454501446,0.02162934002749771,0.23695238659414614,0.5841875150394034,0.1404377968110748,0.016488805615390404,0.00016734686703756126,2
0.0006954929633331094,0.0025208443496155817,0.018259641223779117,0.33671706812170943,0.5501939485464634,0.08844256066802297,0.003170444127076426,4
0.0003767900887691506,0.006537753961681834,0.39137844013891787,0.5747043522067502,0.020982383930202183,0.006020001414099063,2.7825957965373284e-07,3
0.0008999605233513963,0.007710907285126704,0.28278971218806154,0.2945627132234979,0.20554152643584866,0.20849515037639496,2.99677189256978e-08,3
0.000333731548602952,0.005482275662198279,0.06135905057804983,0.5044584809786865,0.3859506941544758,0.04238723340912166,2.8533668865022064e-05,4
0.00011798557647561273,0.048144488624600884,0.44812283247747386,0.4488022399171444,0.04869273085873764,0.006119311287916498,4.112576512013181e-07,2
0.0002299386270993251,0.012014958970518776,0.13120950551645666,0.7021830416982043,0.13284216797015533,0.02149750871777897,2.2878499786705386e-05,2
0.0003508839467393131,0.031705011871793344,0.6806206601898623,0.2747679819340026,0.010479317142373273,0.002075750683629451,3.942315996043289e-07,2
0.0033809406074112136,0.005395921055003134,0.30310970702696816,0.3252464303899535,0.219998570632802,0.14286835577896273,7.450889929768338e-08,4
0.002880901245907856,0.00756247058201489,0.5413372289240892,0.3990878425781102,0.04253529202429637,0.006596149646266045,1.1499931549001081e-07,3
0.0022496928040359773,0.008632922032849297,0.35935366338250563,0.3663944437646833,0.19327570555992318,0.07009333599187319,2.3646412937220008e-07,2
6.344424315180915e-05,0.04323162806535876,0.21370844178624165,0.5036499155182452,0.2266652918165899,0.01210189505971431,0.0005793835106983425,3
8.265626655860147e-06,0.108064332132445,0.3269165627523274,0.49951723499770007,0.06009778185423139,0.005355402891313814,4.041974532652253e-05,2
0.026138857517104035,0.6133675854784726,0.3385684247483815,0.019805604897223984,0.0013517430809518443,0.0007624134681283531,5.370809737727823e-06,1
2.522656769636186e-05,0.0005433192289212156,0.004217826479545013,0.3994095717602143,0.5028961778536062,0.05764348915419599,0.03526438895582094,5
0.005956409118340273,0.0028381815446886735,0.6220564363833792,0.34299266054621513,0.021102681769390317,0.005053293858162149,3.367798244067802e-07,2
0.00033802753536032646,0.08386160938871748,0.6593154660318558,0.25113922530650545,0.0044635571622821295,0.0008820288049379389,8.577034100466652e-08,2
1.230121621137555e-05,0.018047965468237375,0.1634324772972868,0.72063839053186,0.08578492511126289,0.011943447977448009,0.00014049239769357727,3
0.00025351694408648457,0.0068274333590372,0.21384644767721595,0.5960348402151044,0.15927368285669785,0.0236373385825953,0.00012674036526271943,2
0.003401364882633289,0.004104697894487783,0.3436968543781719,0.36587698914437916,0.1996129038934785,0.08330702624337778,1.63563471599264e-07,3
9.436297300077803e-05,0.0067086712683652,0.5472253468398285,0.3703703402767803,0.06378537191610896,0.011814418760325322,1.4879655909571334e-06,2
0.00020542612064939928,0.00487333361562966,0.07121422862980284,0.6768860207306397,0.20454530620415645,0.041526775484701565,0.0007489092144203273,3
0.00477190505408705,0.019312379847698714,0.49761681093225074,0.43178375688483006,0.04131140957593167,0.005171924074811383,3.18136303903377e-05,2
0.0005961509215066843,0.0067822469890326835,0.12505116156536836,0.3495503462368948,0.46397957097073295,0.05398711805310414,5.3405263360429704e-05,3
0.014888355494840907,0.00684151257852481,0.45221994098744145,0.4334230730850578,0.07428998367768172,0.018317808563844573,1.9325612608557858e-05,3
0.00464845737330416,0.011107538972754669,0.2618630536917246,0.6006152495084303,0.10813634973233874,0.013568308590999154,6.104213044846819e-05,2
6.972035161943896e-05,0.013228258715008085,0.15196705242682781,0.5374535505525104,0.2609437225837093,0.03545967791565782,0.0008780174546670407,5
0.001083885258161284,0.006969668835932471,0.2328796422481846,0.717769728308768,0.033970847240500236,0.007326047124681565,1.8098377188877125e-07,4
0.00021132170996817363,0.03085671169001253,0.26170912593527196,0.368583202715949,0.3233634367517738,0.014449656978473986,0.0008265442185504016,3
0.00016531380910474346,0.030379174421541737,0.45603900257024543,0.466241669843662,0.04067945291124202,0.0064728469122023536,2.253953200162399e-05,2
8.196102000157063e-05,0.055888315817250636,0.7612632066676344,0.17736817218012557,0.004627051897820188,0.0007712450384442027,4.737872370653836e-08,3
0.00018605186610483923,0.008966061320030657,0.5384134729290795,0.390430452554836,0.0530448637885067,0.00895885409509797,2.4344634441082977e-07,2
0.00035468399026695097,0.022401531802046168,0.3584113778518163,0.5037231567858473,0.10485487898562143,0.010183456288232952,7.091429616886482e-05,2
1.8586009919265118e-05,0.004192429508575373,0.016590384942149355,0.35598735867116615,0.493416701637169,0.12882095850867137,0.0009735807223496745,3
0.00011536943026300072,0.004299992174154893,0.07817740072073293,0.38037637503157207,0.46058540905695866,0.07556788528903971,0.0008775682972788208,3
1.997689135276539e-05,0.04014579028628038,0.06645163914409148,0.5879861333214136,0.26249111793360635,0.03540293350430711,0.007502408918948319,1
0.0003341124225805763,0.01318410698393613,0.2570696952941554,0.686533034139499,0.03629221145524429,0.0065868109088281,2.8795756555981554e-08,2
0.0008452948135042889,0.005253261172788983,0.5622716400868836,0.3872704038277042,0.037673063218585996,0.006684516760507678,1.8201200251938302e-06,3
0.0005685265558451587,0.022919466392653062,0.28236148764502883,0.523938781304214,0.15886877650899375,0.011296981811315714,4.5979781949440855e-05,3
0.00032104516375196284,0.024799670150265872,0.18903154931936864,0.48663649932511466,0.26043162267178244,0.03832778898066164,0.0004518243890548741,2
0.001864187843270919,0.018389414898118253,0.28771454727287804,0.5608590097745455,0.12365758948061034,0.007420070299007249,9.518043156965929e-05,3
0.00010863406529783374,0.002788447111232053,0.0939298147130937,0.6150814367693819,0.26066855448526793,0.025610880036381654,0.0018122328193449864,3
0.0002756747866229464,0.0032576024742088858,0.4071328794347284,0.47294648429026603,0.09136372927602808,0.02500919256242973,1.4437175716070527e-05,3
0.0005865917759067644,0.04819101504898189,0.6531152145815085,0.2323609102116749,0.05693717230114551,0.008412038826610707,0.000397057254171733,3
0.0007396370572069058,0.16083798120088705,0.4680390955368807,0.3445904443944814,0.014065656170668251,0.010775459434413454,0.000951726205462139,1
0.0005393467184984036,0.01791134615566868,0.3946116284716523,0.4386760118306,0.12972057768208287,0.01810500447035052,0.00043608467114716583,4
0.0006046004052097288,0.003938403022837298,0.02212892189316936,0.21290374312269322,0.31486973841443755,0.03989329023586507,0.4056613029057878,6
0.0009127956032840412,0.018776849816337086,0.5348551726770229,0.3730230958669225,0.058306942393436735,0.01410655032621429,1.8593316782504582e-05,3
0.000605283616739844,0.009429936324406899,0.18494862059483985,0.5819350193373451,0.21347583921007718,0.009476338917229874,0.00012896199936112592,3
0.0012197079191245022,0.009843034554820733,0.26869875939344345,0.4820573616519251,0.204636318198758,0.033541825475943095,2.992805985219381e-06,3
0.0026337238477043773,0.007348174935108162,0.2538126093807025,0.36589764692416527,0.2650020006327321,0.10530437262162516,1.4716579624457962e-06,3
5.939169724465287e-05,0.013556203192442043,0.347180906497706,0.6046640803826602,0.027445568512794255,0.007093787472281994,6.224487097738473e-08,3
0.0005482333641217861,0.01827902218751393,0.2570806858367499,0.49634422937856537,0.20628110734457022,0.020917501081324612,0.0005492208071541167,3
0.0013127315279238894,0.1392145705643975,0.705535083315641,0.1332945348251271,0.015958040906159685,0.004684936445248425,1.0241550247705118e-07,2
0.0026057839420792583,0.0033691174554667065,0.14432618876125552,0.5074495815459774,0.30036636871010414,0.04124650943529496,0.0006364501498220281,3
4.5211322856512614e-05,0.01787380181155643,0.4416658902482089,0.5165406209951005,0.021092096434808482,0.0027799375785197483,2.441608949501065e-06,3
0.009966974673403763,0.004834617057184381,0.4572923874671725,0.4605888200538115,0.05537874414418047,0.011938344629661774,1.1197458550401394e-07,2
0.002845625107901684,0.014627403470607932,0.5688781030522237,0.33274790886165884,0.06870661212008815,0.012174129059528338,2.0218327991335157e-05,2
0.010481775948144034,0.006973962700440687,0.30947074174589595,0.5756807962944069,0.08461101641516575,0.012772523779892003,9.18311605443095e-06,2
4.209463448145805e-05,0.0018756361119184866,0.005518662686608935,0.29014758517349687,0.5299512103784338,0.15459810285947853,0.017866708155581883,4
0.005825908134978092,0.007537814668958756,0.1362972308789217,0.5517655473629253,0.2643098140545671,0.034113652625161,0.00015003227448822146,3
0.000333731548602952,0.005482275662198279,0.06135905057804983,0.5044584809786865,0.3859506941544758,0.04238723340912166,2.8533668865022064e-05,4
0.0003512793319846076,0.009936357377333368,0.03876833673874684,0.42422613741529636,0.46611291223192153,0.054315606997017846,0.006289369907699287,3
0.0001713267670645321,0.01367641306535594,0.16212913220570374,0.5587169917301261,0.241571735943503,0.02329023062426841,0.00044416966397827905,3
0.052675905472405346,0.0911355237481324,0.19534159967104398,0.5433171225464184,0.09170104446510198,0.025813296234606847,1.5507862291009093e-05,3
0.000333731548602952,0.005482275662198279,0.06135905057804983,0.5044584809786865,0.3859506941544758,0.04238723340912166,2.8533668865022064e-05,4
0.00011140953535326994,0.03682443490743313,0.07290757847613938,0.5275541797500396,0.3309242070437002,0.0306851176623387,0.0009930726249957119,2
0.00019625314243061496,0.003241276040268826,0.08975879016387625,0.39012530890990926,0.4235132183134616,0.09312745196836261,3.770146169071123e-05,3
1.3794473684581362e-05,0.12411955894377608,0.44274318816412417,0.40103987929272783,0.02848748217021749,0.003561570280961426,3.4526674508552664e-05,2
0.0005339880795030098,0.02674989895182644,0.10367033405334579,0.5908979602180633,0.26317964493482193,0.014951791921573636,1.6381840865816607e-05,3
0.0013065272146586023,0.009654391691748592,0.5682383635680979,0.37521588758196733,0.039714460217085926,0.005867205264701367,3.1644617403145733e-06,2
0.004594165420371481,0.03229089327667812,0.42975188217675586,0.42038186055912097,0.09965467143903499,0.013324833768948793,1.6933590899463796e-06,2
3.227985906201266e-05,0.0026660075548717373,0.039400535900017124,0.4387551695545625,0.4744285203813376,0.040242072591041796,0.004475414159107136,4
0.00011703319026618576,0.05189224677633228,0.18941050101857906,0.5504784730395996,0.19203682685927478,0.01444615007725538,0.0016187690386927002,4
0.0001621846030789412,0.016973835697157092,0.036009087036163914,0.36064961421702335,0.5004163854868604,0.08214054571507767,0.003648347244638724,3
0.003563783286268969,0.009247986559982005,0.23990941913741232,0.5770609024842023,0.15805050409822724,0.012149469273896098,1.793516001098335e-05,3
0.000506614024203837,0.029366059240825394,0.6522347776152106,0.30133432076620414,0.014380950006000086,0.0021770410389008645,2.3730865517034422e-07,2
5.0990184095419156e-06,0.023538580062205678,0.6493997725791533,0.30231776370537583,0.021915003080544577,0.002822110125277516,1.671429033501842e-06,2
7.381675191821549e-05,0.005540810313921561,0.08640045666326371,0.42175535807444675,0.41364120257395465,0.07081788653374156,0.0017704690887535598,3
0.00024437443230130993,0.008143929729884227,0.5015100662943694,0.4220481673095581,0.060966346928096715,0.007085346802935828,1.76850285447901e-06,2
5.001652683508454e-06,3.571868825911568e-05,0.004910654505186914,0.2741872993699239,0.6049359547252537,0.07280593399725555,0.04311943706143718,4
0.00014186093906875993,0.027676309482810236,0.3037409203915204,0.6487108893649398,0.01704201310499104,0.0026841894461537962,3.817270515952316e-06,2
0.0023019431891184,0.012572236692879851,0.028883287999628436,0.4553597483571187,0.4456893785743573,0.04818126990695298,0.007012135279944223,3
4.209463448145805e-05,0.0018756361119184866,0.005518662686608935,0.29014758517349687,0.5299512103784338,0.15459810285947853,0.017866708155581883,4
0.00010978731944528798,0.012330576006545465,0.03675176070181849,0.433085825499142,0.45431696066974814,0.04353936875605988,0.019865721047240797,3
0.002140881257626434,0.029661426778285444,0.730816319969558,0.22238747040552387,0.011255035873424623,0.003738577655258384,2.880603231999891e-07,1
0.00013070671319110412,0.02127654883365949,0.04671900409285847,0.5202251120496659,0.3394702355034494,0.042787870505965546,0.02939052230121014,5
0.0006794114851039226,0.06414672990154441,0.42281538679539304,0.4310091672895883,0.074609915654037,0.006638396331996816,0.00010099254233648167,3
0.0032553452841032936,0.0005732494438809251,0.5176980492650426,0.26580810064263827,0.14977051996334065,0.06288599810514293,8.737295851441867e-06,3
1.1662221370795424e-05,0.0006657090283317507,0.06272761125022444,0.6302584378349034,0.1981972408442322,0.03655895504170305,0.0715803837792342,4
0.00018682238403964463,0.028385881899282747,0.30517658815146953,0.5979854265122876,0.06385934003258675,0.004368151120365017,3.7789899968691015e-05,3
0.0010078665514874497,0.43976655835457257,0.4517381907969823,0.09423633616960021,0.010526509127334343,0.002613595004405446,0.00011094399561760435,1
7.618101498940911e-05,0.027356201717348257,0.3883399047208762,0.5460969117327175,0.034599010018975064,0.003504219709114049,2.7571085979448707e-05,3
0.0006300351968149826,0.002685692128308226,0.047648682979345006,0.37115879005728913,0.5470108084625646,0.030795932242637936,7.005893304020436e-05,4
0.0014977026334925879,0.012106971185379395,0.3430374725553899,0.3496021027592243,0.20207364253025709,0.09168194120729635,1.671289603672882e-07,4
0.0002540865179064683,0.0029337164164293717,0.25133474877191686,0.637515342142023,0.08552623100079522,0.02238229548931927,5.357966160986297e-05,3
0.00023433488924869722,0.17920763339383955,0.691861493947203,0.11481756518760843,0.01181337722979629,0.0019606426534154323,0.00010495269888875096,1
5.194202364874877e-05,0.005963389171472343,0.01678659521860092,0.35445890568885674,0.48147082666610524,0.13475988469245778,0.006508456538858229,3
0.001948855784969397,0.01321968085232572,0.36447716705733835,0.3003812155270932,0.2032473612582103,0.11672545731572818,2.6220433474633286e-07,4
9.822669038494423e-05,0.0029158117279156123,0.053905858589171324,0.4202177205000375,0.4854062483401014,0.03544493951869848,0.0020111946336907193,5
0.0014639828519493869,0.009030868378259602,0.5309860966076487,0.40821043119131467,0.04325754331377764,0.007045548218497611,5.529438552386547e-06,2
0.0006479229853135675,0.005461809076647868,0.200626475193262,0.5998925413600186,0.1807974982774035,0.012529515744563678,4.423736279087387e-05,3
0.0020277872729185338,0.015713445589020138,0.7424515905099811,0.22599048651777134,0.009661026597603076,0.004154646527390059,1.01698531587848e-06,2
0.003280943844173745,0.027690219243517156,0.30137049913003056,0.5741326922285808,0.08406153166402723,0.009449457375741863,1.4656513928647353e-05,3
0.00010528933561128635,0.05387271958979182,0.24154101655228763,0.511168824787388,0.17901285502856712,0.01405097588863979,0.0002483188177143179,1
3.790916216982498e-05,0.0035021974339171772,0.017945233083864847,0.2924224776416649,0.48521621146431376,0.17778576866335544,0.023090202550714062,5
0.00027369811164815384,0.012084334949252299,0.5885126425283413,0.37733035088568956,0.01719373701502497,0.004602600202299822,2.6363077438657468e-06,2
0.005892953146601217,0.0068220782589978645,0.4827039333429385,0.46986892637595407,0.02406479545654775,0.010646826981547352,4.864374131777162e-07,2
0.0018955335267402602,0.063844252980225,0.44270054777617524,0.3842765107649483,0.08204913301431879,0.013580343707956022,0.011653678229636411,3
4.2894841246436084e-05,0.011104738631585764,0.11177088442526403,0.5430987503724294,0.29636593257338983,0.03551313010682633,0.002103669049258215,3
0.004494493736688569,0.07850594829556097,0.5357203974633811,0.3265527135353236,0.04701861627643149,0.007666917424146409,4.091326846799565e-05,3
2.1059736310741924e-05,0.004271073028541474,0.061957771518277194,0.7504658955902415,0.1459497727437109,0.03675490494611023,0.0005795224368080592,3
0.00038447412606361847,0.0009370876084245857,0.1669695703843326,0.5921032999216636,0.18251552577012764,0.05701833030514927,7.171188423880431e-05,3
0.0005622437089899765,0.027654490283474213,0.6888078900548371,0.25942486499306155,0.020109047757172097,0.003440487417813382,9.757846516237302e-07,2
9.774803104542158e-05,0.03964385284679092,0.5693977271227325,0.36286746168184947,0.023342263670265796,0.004647687912469792,3.2587348460549083e-06,2
0.0013000914431551545,0.009281236311550391,0.5571940438364982,0.3844473264863831,0.039202106581960675,0.008574834164355338,3.611760973147674e-07,4
0.0028527251043282895,0.025250575140030793,0.1665364494723761,0.5800590498660416,0.20532959791268887,0.01874216335986496,0.0012294391446693062,3
3.1159712810082956e-05,0.015612604794162925,0.16368641292719263,0.49601391990381216,0.2883623177775527,0.03557178087240865,0.0007218040120607533,3
0.0012325002432451158,0.008796472264882145,0.27455832737297253,0.5472439482505054,0.14740854978715698,0.020724598469252783,3.560361198508727e-05,3
5.1558404960187525e-05,0.0050251368143167914,0.06989964912081367,0.4321783589071243,0.4133983635207571,0.0777951210712516,0.0016518121607764142,3
1.0963576959649463e-05,0.0016759756363897013,0.03093750140710181,0.30976489298176174,0.5307749283755219,0.11093137969309079,0.015904358329174362,4
0.00047067829917510833,0.0029765381837079464,0.03157494233648413,0.43206789400399515,0.4665084968534863,0.050161991732782026,0.016239458590369477,3
0.0001552541114396586,0.013087848165945725,0.0490637354172624,0.49181300248134774,0.40020056360141587,0.04152970761766717,0.004149888604921473,4
0.0009104987965542843,0.03317731120651519,0.2730880033226957,0.5140694700528804,0.16599246062937095,0.012637436668383333,0.00012481932360005758,2
4.351944965541906e-05,0.14814370589598827,0.4769838435751277,0.34446636877195286,0.025739040324028715,0.004565014994097906,5.850698914921089e-05,1
0.0005071700566763963,0.05475793177944113,0.649877254773247,0.24219283734568808,0.046524961971010706,0.006135456209682764,4.387864253984182e-06,3
0.0006072142328267523,0.025962461760566883,0.2578734377927463,0.49838256914702744,0.19229515639256922,0.024307766642305013,0.000571394031958497,2
2.0105402225671825e-05,0.015160157890428906,0.3280425111138547,0.5407174447085221,0.09610884883011847,0.019640038522128696,0.00031089353272154447,2
0.003063406014280849,0.20245064209551633,0.6283526557169375,0.15206738994546554,0.01289690817779062,0.0011580494990760628,1.0948550933018181e-05,2
0.00017955481704853412,0.01576205031050829,0.1092965267608744,0.7518463500741175,0.10265003105743492,0.020263694877730477,1.7921022859586345e-06,3
0.0002609536647150979,0.011505220588640718,0.32715902798248064,0.6342347931077729,0.02283512103834949,0.00400053980838249,4.343809658622537e-06,3
0.00011614841647776177,0.01789782387870263,0.34896088142244097,0.5741036483106265,0.053861783588007875,0.005046290633832665,1.3423749911602388e-05,2
0.001201721935379676,0.004319238106851165,0.4819184151217104,0.4762828812259685,0.029519555102633068,0.006758116026711614,7.248074560160649e-08,3
0.00013627855132790785,0.011849711252148832,0.04782774853437699,0.40392795436081924,0.4113834682995777,0.1174781628390882,0.007396676162661143,4
0.0009477643472792571,0.021550091040992876,0.6139976217298727,0.3265188344088773,0.030466689293937477,0.00650016904662401,1.8830132416412912e-05,2
0.0075434860138953,0.004713242143572656,0.7777793395273385,0.17956872420370645,0.023498397547317872,0.006896268682911736,5.418812574344178e-07,2
2.7589627749455617e-05,0.197624108212258,0.3219567353106289,0.4443182425832426,0.030366279733417115,0.005593417350871356,0.00011362718183255384,2
0.00020484404992510808,0.0015705128846505172,0.05122716841878195,0.493634232325055,0.4191874863851506,0.034158608836762056,1.7147099674838912e-05,4
1.535302501322581e-05,0.010436056634302384,0.009860024928511844,0.4960245741386361,0.382915193024002,0.05495548718083049,0.04579331106870405,4
0.00201806828931533,0.008756861288102134,0.3112385637513421,0.32986453272951044,0.22127034270263052,0.1268514511469855,1.8009211410484596e-07,3
0.004482992890993163,0.005216463202387653,0.27481997167136685,0.3246730345852439,0.26243451278064567,0.12837277973963854,2.4512972413690226e-07,4
5.377049733012346e-07,0.0010944925007186068,0.010486111073068568,0.21278764965095057,0.6176597813684654,0.15404821705986493,0.003923210641958787,3
0.00019990763789197514,0.011278539694419665,0.12563929312270916,0.3733363242496119,0.4198193983868916,0.06831370776963616,0.001412829138839524,4
1.6688051601916347e-05,0.006710838740660112,0.07356978346021206,0.5382672590238626,0.35512740102247287,0.025308652151981314,0.0009993775492091739,3
0.0003725627643840343,0.02482238889258713,0.5742874563788452,0.38127819033638455,0.016318333408945257,0.0029206829437347314,3.852751192284229e-07,2
3.265925858974496e-05,0.0036434286651256973,0.00567121836600352,0.2878497757196682,0.5484763830534091,0.1290105791203636,0.025315955816840242,4
3.537401706072772e-05,0.004630087479267041,0.056187495907903236,0.38568359327780455,0.4503738255873199,0.09464400593588004,0.008445617794764465,3
2.471324397072853e-05,0.05010222349979077,0.7618115083670557,0.17337010155699212,0.012807630326251495,0.0018833149680436564,5.080378955855489e-07,2
0.0002033226386663608,0.018444959831263957,0.4011005348337929,0.4985635570658624,0.06636502772910957,0.01531018930087345,1.2408600431519434e-05,2
0.0009802199909285819,0.023070685562971097,0.7543188294028997,0.1881380763593675,0.027775588030436872,0.00571630630999106,2.943434051561615e-07,3
0.0007970042143050019,0.0082746758094556,0.5250860928926964,0.41736109068366395,0.041490751654733884,0.0069876786232435295,2.706121901684966e-06,2
0.0006465259935239223,0.02071909326572076,0.13417327452352956,0.3740608521942536,0.41459304488214654,0.037548479824897577,0.01825872931592803,4
2.7014546071090424e-05,0.03872867587668256,0.09851032295618263,0.5081439125553933,0.3220634328570716,0.03033424802653782,0.0021923931820611716,4
0.0034123003185894435,0.04154531188472736,0.6642990283156258,0.2698700656271675,0.016282303146100453,0.004590834615125104,1.5609266430962304e-07,2
0.00030438768056391434,0.009063370618310236,0.11583242605582122,0.4396036580647541,0.3852893753695119,0.046915206462565806,0.002991575748472778,3
0.02672782058690812,0.017941306196317026,0.6880649608232126,0.25911814669037914,0.006355211450206727,0.0017925337698861162,2.0483090365916004e-08,2
1.1201821338781736e-05,0.027084261927599964,0.49079798808051794,0.42049724772381714,0.056095152615111644,0.005503229289544127,1.091854207041825e-05,2
0.0001695123164672583,0.006236076809730023,0.04831747908619066,0.5256912713925664,0.3755579250436706,0.043314585191523855,0.0007131501598511335,3
0.0003649705240550113,0.008295134221633029,0.18157958804473728,0.5723226235908847,0.21125902652516987,0.0261299670888385,4.8690004681533586e-05,3
5.137524224209014e-05,0.06714556436444324,0.2899429836244526,0.5093772881266347,0.12369970895883614,0.009521291933606315,0.0002617877497850058,3
9.49089010534956e-05,0.005100708596350291,0.09759116357348874,0.4403596475179004,0.41240215335894276,0.044208462034757284,0.0002429560175070178,4
0.0035470988459176916,0.015142823969234075,0.7021591752091221,0.2560275455521363,0.020116544543868017,0.003005940932668994,8.709470529253182e-07,3
0.00038874855260755993,0.0038896020450845305,0.027075031736211515,0.6071827624490554,0.33400381933957224,0.026994747186885062,0.000465288690583761,3
0.037946575552837127,0.0025543085638528055,0.49682963574924693,0.41387771427822273,0.03823719021761253,0.010553596102587532,9.795356404809377e-07,3
0.00013317703482638768,0.0031653612958107043,0.012780870839004631,0.2807497101857803,0.5707754356064836,0.1320188885496077,0.00037655648848664583,3
0.00010830990138371253,0.013173296301136195,0.25269422914236767,0.5460671929941303,0.1763750371387183,0.011558071579567274,2.386294269647066e-05,3
9.822669038494423e-05,0.0029158117279156123,0.053905858589171324,0.4202177205000375,0.4854062483401014,0.03544493951869848,0.0020111946336907193,5
0.012749283554648331,0.006157462488667163,0.47964577977566497,0.4499788214748066,0.04350846305561827,0.007960113427047574,7.622354710053366e-08,3
0.001345113371422797,0.014970904530100911,0.302445323853021,0.43088664556834433,0.23992436419165414,0.01042763698965694,1.1495799886050039e-08,3
1.4245657390496413e-05,0.0005937872585817295,0.015151439016856748,0.3834190242840102,0.5404839881674357,0.046007325244690055,0.014330190371034975,3
3.5471357359900873e-05,0.0026137146871903177,0.03636052684165236,0.3037427689123826,0.4949852356729482,0.15555171113352467,0.006710571394941938,4
0.00026842111776437185,0.004212362462127984,0.02853993451556113,0.5055289378198122,0.43292141961161446,0.02822146069200552,0.000307463781114379,3
1.96252300699741e-05,0.04627730282057639,0.5225910702979104,0.41812177669647377,0.011816996968865791,0.001170617296743021,2.610689360688132e-06,2
9.39574095937431e-06,0.015317690776184644,0.4491459321632475,0.43543371522023433,0.08382286505718367,0.016241986805622933,2.8414236567542363e-05,2
0.0020540105121951836,0.014655790405735551,0.05063554482290041,0.47880649459696767,0.41210777304716717,0.041509278763052625,0.0002311078519814296,3
0.003389649764985123,0.007330938643681652,0.3131388526915417,0.3858901161386407,0.22040266323136204,0.06984718208225164,5.97447537077759e-07,4
0.0013000914431551545,0.009281236311550391,0.5571940438364982,0.3844473264863831,0.039202106581960675,0.008574834164355338,3.611760973147674e-07,4
0.0009661610312250086,0.02124019371370606,0.2551098710116559,0.5564437165913587,0.15020638206898365,0.015795750110827643,0.0002379254722430284,3
0.0004676386591008705,0.008453740709659582,0.4611844996266622,0.4298951879466879,0.08355306127973783,0.016424797819232895,2.1073958918809903e-05,3
6.986847547834241e-06,0.02309422013266247,0.14958160744578222,0.43614968595261305,0.36582321025830977,0.025213089185828545,0.00013120017725608155,3
0.2278334105393851,0.0026746150684696223,0.43063426204463306,0.3024798163213645,0.031490171438866024,0.004887366762885318,3.578243963278349e-07,2
0.001178386916734029,0.010835843890085762,0.2649021385424521,0.6019068328186233,0.10695043776847041,0.01417855149123901,4.780857239543508e-05,3
0.001000658465585939,0.014582028219109573,0.22069799953269895,0.5896477959870929,0.16511018795256666,0.008771503346983095,0.00018982649596291875,3
1.0659710400144732e-05,0.0018072570314582273,0.02295567823773865,0.3186327812043027,0.5681698143238375,0.048600377085986524,0.03982343240627629,2
0.0004506008689919211,0.019096891062418204,0.2551406212205945,0.21722123581584873,0.505802370040773,0.0022882702520731213,1.0739300398372875e-08,4
0.001889088161730323,0.0005127437577360753,0.007853609310696742,0.18134520589158915,0.6399545361326542,0.0730037037994731,0.09544111294612033,4
0.0017811624919509422,0.02775725566262267,0.06706952112215324,0.3531606041056785,0.4256401869166576,0.0646690450880262,0.059922224612910954,4
0.0015191924582030377,0.01938592215650445,0.3679766090642658,0.5366991506266735,0.06789238572826946,0.006513688247961011,1.3051718122767187e-05,3
0.0009000806762474644,0.008140730401823618,0.10175284016037832,0.5952838766228051,0.2548257384154915,0.035911489406471604,0.003185244316782377,3
0.0001786471628120341,0.015159869934241508,0.2743822771348333,0.6057561541953147,0.08653012133804545,0.017983716261496415,9.213973256625584e-06,3
0.00016568679255899436,0.016096183458271622,0.16523478698491373,0.767736351547378,0.044930354675218935,0.005835814089390843,8.224522679376773e-07,3
0.006188092673290402,0.013963694223997727,0.03681834320472855,0.5030387146888936,0.3910653173913049,0.04829752686808235,0.0006283109497024226,3
0.0007368386950577858,0.4029141640927393,0.49320043853347134,0.09871376640841543,0.003455213854705257,0.0009742287644720286,5.349651138917977e-06,2
5.9282146981226173e-05,0.02593208401840255,0.10313266320479895,0.4701552749367407,0.3535799665704408,0.02848405026393698,0.018656678858698823,3
9.026767213818762e-05,0.0037934613558332935,0.1768057637664392,0.5248403078793861,0.2611846568690904,0.03293641892027506,0.000349123536837829,4
2.8663665789251907e-06,0.005123729545241658,0.015907578826667483,0.3723929861664321,0.48881360645122546,0.11686697567881763,0.0008922569650367147,5
0.0008383070963386023,0.030153506243164846,0.6539397188554423,0.2772257730802326,0.032046727203326665,0.005794903110351972,1.0644111427986226e-06,1
0.001879194333001732,0.005321033558693558,0.196580891738,0.6621555467486018,0.12184322203350913,0.01220522883522101,1.4882752972732884e-05,3
0.0030573219834974957,0.018895079796548586,0.616242402907048,0.3052478415518967,0.04940416856278078,0.007152603303858856,5.818943694746448e-07,2
0.0007653043812732139,0.009444366468435824,0.21395646743393903,0.2742243879269687,0.1799510672884429,0.32165838084019804,2.5660742263877025e-08,4
0.0011143862562030863,0.005386932715080253,0.02653093943385293,0.33521962677953643,0.5513923646521469,0.07518209226451943,0.005173657898660908,4
0.00022290324335368433,0.011657821919624757,0.2625422335474123,0.6935865162779591,0.026514766225141043,0.0054757097946714,4.899183780795543e-08,3
3.776584009980794e-05,0.01337883208943685,0.33608407968013043,0.5638183192076057,0.07534903175934174,0.011320460081321683,1.1511342063753227e-05,2
0.002124310601975844,0.038824892299726924,0.24578338509503245,0.4379416330760513,0.22890989025336955,0.04335811925034652,0.003057769423497535,5
0.0007421720546384675,0.018743511031674272,0.19692974517016787,0.7405799920433085,0.03585433827755534,0.007149752695138335,4.887275170946878e-07,3
0.0002352315566930025,0.005239157837042899,0.3310528226021651,0.5844860820538608,0.0671830500464152,0.011790706853679596,1.2949050143376268e-05,4
0.000935642662276127,0.007689474281721226,0.6104666735477638,0.3218955729519305,0.046150718149228956,0.012858597793934648,3.3206131445517325e-06,3
0.0006771611207252524,0.023700268539453832,0.7205331079067092,0.2379081757897349,0.013452665365083653,0.003728557289408198,6.398888506258529e-08,3
1.3627832813936747e-05,0.009482913850924226,0.00885844437188019,0.5130468296088285,0.37449662807471756,0.05412416165189278,0.03997739460894281,4
0.001035189463919308,0.09985424493199586,0.13059952364657706,0.5906782727535381,0.15088624214923724,0.026080920171623948,0.0008656068831084529,3
0.0005870937306194789,0.0691583235204236,0.20913863218696715,0.5563710087813472,0.14385907448173696,0.01878200390171408,0.0021038633971916204,2
0.00013673990823660195,0.005819119965620484,0.025360410749547438,0.3384555896559074,0.47456450180048426,0.15171387585257387,0.003949762067630026,4
0.00010190822455699499,0.00975162342125266,0.09286671799655913,0.42002605489993494,0.4076380303821763,0.06567217065601669,0.003943494419503421,3
0.00020439540888543333,0.009941987853148933,0.07854877149940125,0.430821158058892,0.36882248065412365,0.11154543946091675,0.00011576706463202035,4
0.0039706869075227,0.007790809462687099,0.26635296278786535,0.540984692713433,0.15205413547100416,0.027897602167340288,0.000949110490147381,4
8.566217745355525e-05,0.002683728091316433,0.044000268002390305,0.35030455637596947,0.5047771150777622,0.09192545699197346,0.006223213283134469,4
0.0023491667834732617,0.036253693794947285,0.16489531485513778,0.5249679154312693,0.23970162819546437,0.031768610623246624,6.3670316461367e-05,3
3.7210697688778994e-05,0.006096551260653917,0.22796129842946133,0.7166494203828722,0.03975953406572775,0.009495809439508864,1.7572408720839784e-07,3
1.3288517744374883e-05,0.021086716854865045,0.6772773365423517,0.27131803608424726,0.02572567485492698,0.004569826850728826,9.120295135885799e-06,2
4.401093110699467e-05,0.023504550594847427,0.04136288819161655,0.6119268967396165,0.297255789035894,0.024990658568519834,0.0009152059383986601,4
0.00018605186610483923,0.008966061320030657,0.5384134729290795,0.390430452554836,0.0530448637885067,0.00895885409509797,2.4344634441082977e-07,2
0.0010706353307675318,0.004060331874536197,0.0726988050505234,0.4674663203091463,0.4160402111431488,0.03786421592197104,0.0007994803699067449,3
0.013120621900766974,0.004339803011753941,0.07396234797482043,0.4589652460461012,0.39181536381512283,0.057105274138618635,0.0006913431128159896,4
6.304230571804028e-05,0.00026687273867047735,0.011616124752426937,0.1959013544880451,0.40095979506832546,0.38741985542014457,0.003772955226669474,4
0.0004022289243971626,0.019453895166086983,0.042519831203300364,0.582163518333308,0.3184956084418824,0.0345089165628077,0.002456001368217328,4
0.000416833525156124,0.017198075165068685,0.45238816718085156,0.5058470238880896,0.022014075100973213,0.0021348507465214182,9.743933395086494e-07,3
0.001942727988108058,0.08591261491855906,0.6075048133125397,0.2687273531303667,0.033332138497198203,0.0025627277568566636,1.7624396371559777e-05,1
0.000557190351113984,0.0037367233221512787,0.22119268389727167,0.6225568866970601,0.13542495317412553,0.016501320316955698,3.0242241321811116e-05,3
0.0032815906405590316,0.021586167561426693,0.07799589358804603,0.5326391886159504,0.3226166651539737,0.041056736586531,0.0008237578535131569,3
0.00048615526419823853,0.017419936332379714,0.036869881321531614,0.6844783294377299,0.19977732448232927,0.060714068757918585,0.0002543044039126254,3
1.7873977049981553e-05,0.0255814598314967,0.23603458833646487,0.6966802308863327,0.036084948181369036,0.005582089117723468,1.8809669563230878e-05,3
8.836774550476575e-05,0.008439335754179517,0.019949968711675054,0.3254894782073544,0.5318157880141194,0.10008393080225668,0.014133130764910108,3
0.00041424874813750337,0.001925220541206673,0.2139245831098706,0.6441945304805983,0.10819751780493621,0.03132992742601923,1.3971889231457954e-05,3
0.013970657827510117,0.06597374833571165,0.23365997584408682,0.4235121264642484,0.24116455453529703,0.021035798376238375,0.0006831386169074798,3
6.8987148140277e-05,0.12253899157275262,0.24894468244815288,0.5649154269705274,0.05483960608744831,0.008642620264595943,4.968550838252467e-05,3
0.0005650219649829693,0.01882062821540949,0.33334571624360293,0.4809006308785896,0.1445554817745921,0.02053610048461549,0.0012764204382074778,3
3.7210697688778994e-05,0.006096551260653917,0.22796129842946133,0.7166494203828722,0.03975953406572775,0.009495809439508864,1.7572408720839784e-07,3
4.0017073755205605e-06,0.24314296374595132,0.2311982771779384,0.41563013246867275,0.09130504807436746,0.016179790221330956,0.0025397866043636048,1
0.0018955335267402602,0.063844252980225,0.44270054777617524,0.3842765107649483,0.08204913301431879,0.013580343707956022,0.011653678229636411,3
0.0011070268757103782,0.010318726320550003,0.0639126891316804,0.4185118448101799,0.4482113656880886,0.04959558058054951,0.008342766593241135,4
0.0009199567741954283,0.016303983132906277,0.7448139828426064,0.21401536709242824,0.020841816986603253,0.0031042552025839555,6.379686764508926e-07,2
0.00011050610240672728,0.004265797150272333,0.03257182161269069,0.3234520579674923,0.5385220398975136,0.08715272718102274,0.013925050088601624,4
0.0003781229597872108,0.000351228554544744,0.017158715024362482,0.37011329482314903,0.5529510907584564,0.057454082464508324,0.0015934654151917402,5
2.6411883521856694e-05,0.041848701515093845,0.787430230853163,0.16635790549705892,0.0037084653936012993,0.0006281228013380738,1.620562230152612e-07,2
2.1603306991454562e-05,0.009157715739342289,0.16375256756159415,0.7731930851756553,0.04629266614451674,0.007577832184462523,4.5298874376394935e-06,3
0.00037497533470551053,0.020554666171353764,0.22968447021676952,0.5206165245522931,0.20606852225137615,0.022677531241032643,2.3310232469244252e-05,3
0.000340459669773519,0.004070394324260739,0.07441537003915488,0.3790862319994065,0.4752638691616725,0.06442386551027685,0.0023998092954550417,4
7.391096584692256e-05,0.015010443274946222,0.2924365285815621,0.5446278929597672,0.13051067731549523,0.01728721259679011,5.333430559220392e-05,4
0.0004830789676081026,0.0008010189442079821,0.0389183627532227,0.372497348941883,0.5381477444642341,0.04847767012086985,0.000674775807974218,4
0.0036912841502250065,0.0011460911476682963,0.021032782782214356,0.27795552253236444,0.46228632309094564,0.23350245928532642,0.00038553701125572723,3
0.0001346791089793159,0.5370570764589322,0.31212187407488434,0.1354179096029467,0.013262057967352036,0.001964799492974701,4.160329393066503e-05,1
0.0004270064815493067,0.0006006108774725835,0.01479156958110318,0.2834615974828911,0.6463342186222472,0.043646388195962275,0.010738608758774231,5
0.005534873088623132,0.039538090960127545,0.23857370853871904,0.5668374516382304,0.14208624736677453,0.007313194974631621,0.00011643343289361646,3
5.186412467260924e-05,0.2720604401521071,0.46217378438757195,0.252464968215745,0.011770961231059432,0.0014773815667653,6.00322078489705e-07,2
0.001156018607809468,0.010063928792856561,0.13458084076510907,0.5618736690366339,0.26801373145495316,0.023955618033187916,0.000356193309449869,3
0.00034189031518890625,0.011596057459153972,0.14086517877742388,0.5174008651838264,0.2838398419815891,0.04548536917681337,0.00047079710600437136,3
0.00016727086162811276,0.014774511324872015,0.131530549301076,0.3850788211139924,0.4109895169911298,0.053285024950054424,0.004174305457247332,5
0.017718326253746967,0.0010211525722249961,0.5709814890909088,0.3329359172581352,0.06339931728561404,0.013943689847697614,1.0769167232130818e-07,3
0.004074185338969739,0.08302305107726166,0.37135364589706243,0.41325637261195414,0.11415524492586054,0.013869036068138826,0.00026846408075267033,2
0.00048705759016179367,0.00951231105099411,0.20279504085047184,0.7415706724166782,0.03717234565490757,0.00846255884632189,1.359046461859104e-08,3
0.00046677801524789615,0.0702015895461952,0.20261791456083708,0.5085327334854822,0.19057890468289557,0.027208614110896385,0.0003934655984456897,4
0.006563978867266583,0.00988678808996505,0.21169856613457788,0.5184990970641471,0.22356984781070044,0.029762802312355712,1.8919720987292607e-05,4
0.0028751675958948193,0.046789424181264805,0.24743952720325443,0.4720962921694705,0.19888687791269882,0.030389007359283182,0.001523703578133425,2
0.004074462859440961,0.007455398521389568,0.01679585543068619,0.37847920013769576,0.5128399143273208,0.05516573018620903,0.025189438537257736,3
0.0030104535045418616,0.010645559064960234,0.14883377396097386,0.5226700363696529,0.28945128849207546,0.02421173487027806,0.0011771537375175822,3
0.0006479229853135675,0.005461809076647868,0.200626475193262,0.5998925413600186,0.1807974982774035,0.012529515744563678,4.423736279087387e-05,3
0.00011274428583079925,0.003623329343891481,0.04513740371995034,0.3505015035522828,0.5264675832326096,0.07036897225487017,0.003788463610564799,4
4.435470212053551e-05,0.07580040017329698,0.6084801451956393,0.2740022755321044,0.03513226545754447,0.006490380293955943,5.01786453383192e-05,2
0.003173909306822932,0.005202230522698946,0.3576712516155502,0.3500470356179561,0.19779853519917434,0.08610681681290104,2.2092489651863933e-07,4
0.00031665341786158086,0.023623773333104878,0.15652525451369392,0.5479013680715528,0.25752803830464743,0.013834211602556802,0.0002707007565825587,2
