prediction_3,prediction_4,prediction_5,prediction_6,prediction_7,prediction_8,target
0.006449575817911474,0.06856462222082796,0.4146404495323385,0.47245789844471076,0.03754378274353813,0.00034367124067322395,2
0.00014429147702293526,0.001346271964187655,0.08440282793635022,0.23606838997267926,0.5967225818254794,0.08131563682428043,3
7.025717715736018e-09,0.0031874231000281503,0.7762601508839089,0.22041596421779644,0.00010471662526567114,3.1738147283158014e-05,2
6.009584669456837e-16,1.647093566220199e-05,0.9431694150417703,0.05676734387908968,4.6770135627511515e-05,7.849847715227613e-12,2
1.969819886555604e-05,0.00416121964928813,0.5697498111442405,0.41423653026059054,0.011645750766000548,0.00018698998101467545,2
0.00029588373438381877,0.001619067033175501,0.04843464031426686,0.5460532733255509,0.31025453869869046,0.09334259689393254,4
0.020694083598744303,0.08794956189205481,0.5343708166986035,0.34654348616887354,0.010413145851945695,2.890578977804868e-05,2
1.9676057593806446e-05,0.00020387370463221993,0.014615919153566177,0.5233150596462975,0.23819016282427188,0.22365530861363844,3
3.468141836938189e-06,0.022365265580378064,0.7872001311618201,0.1797914165731894,0.010639278399138674,4.401436368476385e-07,3
0.001363184212297936,0.003979227867204828,0.09126113412975874,0.4415451412979641,0.4272651084309857,0.034586204061788486,3
9.499877361995263e-05,0.12585594099557237,0.7731246973549698,0.10071834480622287,0.00020598166615760083,3.640345742949376e-08,2
4.0342457216130165e-05,0.007032898293687861,0.3826385853150184,0.6067401728424596,0.003532194757285368,1.5806334332690064e-05,3
4.6751645591171275e-05,0.07739408717770603,0.7545682416692134,0.16348666301840645,0.004503750167538691,5.063215442469224e-07,2
0.0001289711835648481,0.07752444530170766,0.6656898054449292,0.25657797745571426,7.876912355088032e-05,3.149053318018045e-08,1
0.08090212708701727,0.08528902358226147,0.17753746547484914,0.3299202720237167,0.23516748736438334,0.09118362446777215,5
0.0407510124082632,0.042171823343000577,0.43340019626053494,0.43243687571334766,0.05030488467537099,0.0009352075994826311,3
5.1595855203079167e-05,0.0019075506284071467,0.1408225646346998,0.3338470145363997,0.43837708842335105,0.0849941859219392,1
1.2296010585727753e-05,0.000639091112279463,0.10395630115295834,0.268237030390641,0.5453511363847704,0.08180414494876508,4
2.3858524459816675e-05,0.008638534161663712,0.3427065783708731,0.49324469832184603,0.15484393716695774,0.000542393454199283,3
1.3208230281709819e-06,0.014802693447688815,0.8312997067238407,0.1531765470886832,0.0007197227935137789,9.123245286896953e-09,1
0.001488372368948169,0.0039655091083749955,0.07649207208678942,0.6654187139480189,0.24214547351489407,0.010489858972974537,2
0.00012777217095608223,0.01726233774487298,0.39556695430860156,0.5771036590008425,0.009917598531695722,2.167824303116443e-05,3
3.999150565511386e-08,0.0011334647452692032,0.14847094378787842,0.7957461035059186,0.05449195587261527,0.00015749209681285904,3
6.044894694433581e-08,0.01232463349992937,0.9263537322369033,0.061317155645197505,4.375689658703766e-06,4.247936408624255e-08,2
5.528873352006631e-05,0.10889291435159411,0.694750745295274,0.19573318656061,0.0005648687488266334,2.9963101750808444e-06,2
8.574689695656476e-07,4.486343527417018e-05,0.033832947110310194,0.10765919523232527,0.7960850786310085,0.06237705812211231,4
1.2772404926776583e-06,3.821586290203237e-05,0.03917175458922094,0.1279637338866823,0.8036082420251424,0.029216776395559595,3
1.2011287499753909e-07,0.0031326857413520215,0.7485902267049616,0.23939157877583156,0.008881521186234599,3.8674787451891155e-06,3
0.0005902924557668282,0.0017347355779555591,0.020979929737010225,0.6559197656327327,0.1418855551937919,0.17888972140274262,3
5.24746137609302e-07,0.002025735370124397,0.35725586069787435,0.5531127092116813,0.08758821575547555,1.6954218706727246e-05,3
0.0020769205034011674,0.014535752755304408,0.46130289828804355,0.510202714570772,0.011659413741386212,0.00022230014109262403,4
1.6218716701776055e-07,1.9816711464866926e-06,0.05029359223451013,0.05474480619259392,0.8930473756276323,0.0019120820869501973,3
4.486482070296481e-06,0.008962462838081367,0.523779783594001,0.4416304855166902,0.025560908038286718,6.18735308704843e-05,3
6.020434577291963e-05,0.061320840339392016,0.7171941548909014,0.2104174052348052,0.011004644043196916,2.751145931602804e-06,3
0.003277553404812828,0.016235531809701564,0.29766462320046666,0.5088182655176989,0.1608824704862319,0.01312155558108812,3
9.29115476969148e-05,0.021973153089870842,0.458180002874581,0.5093046876332384,0.010437145144886454,1.2099709726497064e-05,2
9.667889593339153e-07,0.04364987084589142,0.7707278153117302,0.18303158094009495,0.002589274283179471,4.918301447466023e-07,2
2.1087893445421993e-06,0.013888481250601077,0.8607106716276451,0.12473686423389187,0.0006607528535373161,1.1212449800471199e-06,2
0.00018848518861848103,0.0037067995293176815,0.1500422118411892,0.3421711195125853,0.41429149741739896,0.08959988651089024,4
0.000744042787388544,0.006198667847225604,0.03891427004002551,0.7332804117890406,0.14330778714792636,0.07755482038839336,3
0.006935273459635765,0.044618836238213624,0.23393633508798364,0.43551965625361877,0.19959417937455629,0.07939571958599172,3
1.989459645978908e-06,0.0002842887175997328,0.06960288316030308,0.48075963766907537,0.33978879079227925,0.10956241020109672,4
9.599168654738897e-07,0.03869875098711895,0.8382313525864739,0.12173658808267011,0.0013323168488278906,3.1578043718386116e-08,2
7.425106542125145e-06,0.012813682694235445,0.8737323449229942,0.11241029971318235,0.0009917260099952035,4.452155305067351e-05,2
4.1332181924941577e-07,4.11727813502499e-05,0.04058000405749264,0.12813452192693695,0.7688507343225663,0.06239315358983446,4
1.6218716701776055e-07,1.9816711464866926e-06,0.05029359223451013,0.05474480619259392,0.8930473756276323,0.0019120820869501973,3
0.0005011281623677942,0.000750295070287199,0.13209287760984778,0.32722962162709895,0.5331208254756044,0.006305252054793856,4
3.592943670499834e-05,0.039458974113364374,0.35362618451007594,0.5962247001097584,0.010595076413250984,5.913541684532623e-05,3
8.958035089441905e-08,0.0036435710892358925,0.46494521593122484,0.5307652394320624,0.0006457685090686879,1.154580573127096e-07,2
1.4075699265100128e-06,0.013190289236987458,0.4201552259825964,0.46439615814260526,0.10050405575319907,0.0017528633146852272,3
8.540577752091262e-09,7.361994697712325e-05,0.01294255365194212,0.9098711302913874,0.07127369417818413,0.0058389933909314675,3
0.0005408096671818364,0.002854549168707327,0.09675652540486473,0.31542030195293774,0.5198631459977985,0.06456466780850988,5
1.6565527005206864e-05,0.10871403710878107,0.7925610383208598,0.09749300153872935,0.0012153389966980362,1.850792668494389e-08,2
1.0660177604766422e-05,0.000475719552040653,0.06528262361165961,0.5113300692697459,0.3531419741063299,0.06975895328261904,3
1.4649877809038885e-05,0.0003043981389596785,0.05707483702710999,0.1688339360796691,0.6916564857978693,0.08211569307858295,4
0.00012897115536571785,0.015430645031889524,0.7577702686572126,0.22422426093138415,0.0024440959864823852,1.7582376655437953e-06,2
4.444291492592948e-08,0.007931774439539805,0.8288911113443885,0.1595256349465866,0.0036513450559878488,8.977058236017725e-08,2
5.302506805792045e-06,0.04773758308661789,0.8092164983751653,0.14258250471158543,0.00045460350655765437,3.5078132679550267e-06,3
0.0025976256708452,0.1951327319252236,0.6566289654509141,0.14273319626683814,0.0029066159793541685,8.647068248049113e-07,2
5.150905435800046e-07,0.004502336589047346,0.21313791810669372,0.6762335609321142,0.10593119666004451,0.00019447262155670574,2
1.6218716701776055e-07,1.9816711464866926e-06,0.05029359223451013,0.05474480619259392,0.8930473756276323,0.0019120820869501973,3
4.413488083446877e-06,0.040632667484018725,0.7196131932723293,0.23631470396223359,0.003428515839514212,6.505953820792256e-06,2
1.0983596316176273e-07,0.00876855042446503,0.7400102090764688,0.24792620068685453,0.0032920416070851503,2.8883691633301648e-06,2
3.198239061162604e-09,0.0006294465065780465,0.776601843712798,0.22049813273675153,0.002270430833193922,1.4301243949025215e-07,2
0.00021371330015353376,0.009365667550388878,0.20726768221238334,0.43990310399238935,0.32147997036738285,0.02176986257730192,3
0.0009514687744730447,0.006476403109259631,0.14242442794422125,0.49082092679906525,0.3216576758823379,0.0376690974906428,3
3.500655226292443e-05,0.02290620290033869,0.5843740151740956,0.3880032487438329,0.004675399657522439,6.126971947416505e-06,3
1.545671874492024e-05,0.00019975406701209868,0.036288798630016675,0.3530470960067702,0.5591343025521576,0.051314592025298505,4
1.6643441989819512e-06,0.003446499804118005,0.24723881633547376,0.6919422445298834,0.057299054616516965,7.172036980884632e-05,3
0.00016129477010219355,0.00027477582464402673,0.21851852319539278,0.14846165819556006,0.6281416325590478,0.004442115455253162,3
0.8201995335495703,0.07303635876408875,0.08219032767789324,0.024127957167508537,0.00044365473674912815,2.1681041902343785e-06,0
1.6324048638770418e-12,1.0981001450514597e-05,0.3079888208877004,0.6563233060821457,0.029393702589064236,0.006283189438006753,2
3.1836480937245386e-06,0.020307171132185605,0.5744692293851861,0.40487847839665714,0.00034096854888093043,9.688889966981877e-07,2
2.2893826726566227e-07,0.0032987329819486985,0.6899617481715934,0.3042857526272378,0.002453516899502036,2.038145091219392e-08,2
3.604150955408071e-05,0.14587580757982838,0.7440078787976739,0.1094035895964522,0.0006766249460555111,5.757043593176361e-08,1
0.0008537089671465024,0.0017039088833020043,0.5168923969179104,0.3530370719063154,0.12712523124283404,0.00038768208249162375,3
0.07244822735012377,0.22936910522247275,0.48670388063085274,0.21048516260147956,0.0009799464969242441,1.3677698146912595e-05,3
2.7712382866726402e-05,0.012997168067253847,0.5913964998025922,0.39209805812811716,0.003480145978749519,4.156404206007936e-07,3
3.278372756440277e-08,0.041478608427945256,0.8725307652118787,0.08553780389856744,0.00045278755157273834,2.1263083340698565e-09,1
2.623260590379087e-06,0.006592378144688151,0.3972984475460171,0.5119965448149999,0.08407780511621293,3.220111749142955e-05,3
5.176232966264506e-09,0.00687362152970438,0.8304531436228305,0.16264930708960088,2.3610428265807338e-05,3.1215336547463034e-07,2
2.885328164465394e-06,0.021012008142426965,0.5831865452929123,0.39413834846924023,0.0016596437420969543,5.69025159128686e-07,3
0.1029915228790611,0.18801015278707517,0.5998496160565514,0.10899482143882178,0.00015350442852451047,3.824099658917973e-07,2
0.00026652255401917645,0.004968565669004342,0.12742315532159762,0.7052773588764282,0.14871282244906645,0.0133515751298842,2
3.323292023548451e-06,0.002971081683610288,0.3977864092444751,0.5913572328735274,0.007878151262043364,3.8016443204097365e-06,2
0.0001529820278297537,0.0017925091031545796,0.10120151109473212,0.3881394945365381,0.4616752041747322,0.04703829906301331,4
0.006317171009205771,0.023454811183668618,0.2670792857560444,0.6847155828068131,0.018194573916381854,0.0002385753278861922,3
0.0006901154053810159,0.016427289474690025,0.5520335435800406,0.42072779247584446,0.009908747702792571,0.0002125113612513891,3
1.6816099599858e-07,0.02448210431065285,0.8536751900554834,0.12134553686135309,0.0004957716850217687,1.2289264928873345e-06,2
2.736626889420995e-08,0.0011574181468901278,0.1637310218147849,0.8216174298685562,0.012794963284448083,0.0006991395190517369,3
7.78418352814371e-06,0.03609057028295623,0.8124412259856904,0.15138892597425146,6.107840921415306e-05,1.041516435978136e-05,2
8.999200481108424e-06,0.0007492564546063807,0.05688971980015493,0.7028392088668866,0.23143110684620946,0.008081708831661582,3
1.3153884213636176e-05,0.00013535595218479174,0.009762588249499266,0.5649036877666794,0.18395448308006043,0.2412307310673626,4
0.0003149913493606672,0.00541040511340532,0.1635964555129869,0.3888529217606685,0.3625002989197826,0.07932492734379606,4
5.53054280071266e-06,0.016254419170430513,0.7044849033109553,0.27840053544475,0.0008520054122513373,2.60611881192403e-06,2
0.0006983886422390696,0.0020190628694993712,0.18503946582986985,0.18370371719273057,0.5923064913006,0.036232874165061296,2
4.887585557498714e-05,0.0005204929776317956,0.037251159157916755,0.380662443533121,0.4181892993603487,0.1633277291154068,4
0.3912900544141837,0.17202323901544472,0.2618294805085341,0.16423651025784383,0.010251023928704474,0.0003696918752892372,3
0.0011419860822756286,0.0030558466132780916,0.07952233036135375,0.4851653925844625,0.40689981882689946,0.02421462553173073,4
0.0033438284689469165,0.10524901704753349,0.4814587028236923,0.3897265110769013,0.01847859285355954,0.0017433477293664677,2
0.01248757764080262,0.020565453022980004,0.1323279777317645,0.8019519660350926,0.03213065511453159,0.0005363704548286334,3
5.9519058713456804e-06,0.00046030913745688333,0.2863130398444233,0.6852085284660395,0.027953607901472714,5.8562744736195984e-05,2
3.4849760307750597e-07,0.004036476730712758,0.1580334024575091,0.8202905281247861,0.01754831691790572,9.092727148318227e-05,2
8.454895430444295e-07,0.006237200058327695,0.385507088620979,0.5403435317750329,0.06787641117301667,3.4922883100662253e-05,3
0.0010355515754697728,0.006832190063305306,0.1413244753887648,0.5016803756204309,0.3117745716971607,0.037352835654868584,3
0.0063994373180308595,0.024577646072231864,0.23166109793761885,0.6424410625034529,0.09144246913814304,0.0034782870305224895,3
8.501232236121413e-05,0.0038073291023239166,0.1539534909332613,0.6913948968494424,0.13669228253711602,0.01406698825549516,3
8.077332304179116e-07,0.012067981919877775,0.7491172279151781,0.2283571244838088,0.010454528835780129,2.3291121249443437e-06,2
0.0003221679518240612,0.12195796834096274,0.5717209980358723,0.2730624950780869,0.03289984496461603,3.6525628638039166e-05,2
2.0658008431681817e-06,0.012633170805119257,0.46775093544208335,0.4933603624270009,0.026248466560314775,4.998964638364685e-06,3
0.0034381487480736996,0.09589266985819847,0.46324882995393685,0.4351810807705963,0.002098835526744439,0.00014043514245026773,2
1.9592007356897685e-05,0.0034801310824146563,0.449994171794669,0.5082604580389901,0.03652864572736063,0.001717001349208535,3
6.651163007891793e-08,0.0007553810764647205,0.5028065334675618,0.4889064049469986,0.007531489773867249,1.242234776349925e-07,2
1.3754916708530914e-06,5.430123881982002e-05,0.027525315839209374,0.1898031318545765,0.6782774388458878,0.10433843672983567,5
8.052701611239608e-06,0.006652644634970891,0.5044930464023871,0.4873482462983586,0.0014976963557228214,3.1360694932536723e-07,2
1.9592007356897685e-05,0.0034801310824146563,0.449994171794669,0.5082604580389901,0.03652864572736063,0.001717001349208535,3
0.014240666352454768,0.03580815348832754,0.6418630253887644,0.2825612331994593,0.025083861098219144,0.0004430604727748266,3
0.006910953091950191,0.15905483360593792,0.75855015946067,0.07531389898811312,0.00017010876890103256,4.608442776011881e-08,2
2.1478152225901833e-06,5.173173372150387e-05,0.0312090402296778,0.2188634266040425,0.7277112326437962,0.022162420973539293,4
0.08090212708701727,0.08528902358226147,0.17753746547484914,0.3299202720237167,0.23516748736438334,0.09118362446777215,2
0.00013232286194089668,0.011986310549241914,0.22140096264901885,0.6779585590621477,0.08784836132293333,0.000673483554717175,2
2.958326283687278e-06,0.008970275898837705,0.41688206670737055,0.525554015873064,0.0485780709359848,1.2612258459190435e-05,3
0.0003782244870107991,0.04972589845093401,0.6140303940352974,0.33423557545250426,0.0016293886393641329,5.189348894650826e-07,2
3.1144872829540363e-06,0.027927516230260126,0.8304124740525768,0.1415886086171084,6.51479509971589e-05,3.1386617745362127e-06,2
7.478976634130424e-06,0.05377540836474331,0.7747165837005864,0.17096650889129447,0.0005303922843102907,3.6277824315821633e-06,3
2.749781714728332e-06,0.014998162731898357,0.8137295447867031,0.1700253864780097,0.0012441423642874478,1.385738656943062e-08,2
0.12225763937312768,0.3059626174745973,0.4630185632674373,0.10860040394714578,0.00015975308105576266,1.0228566363071945e-06,2
7.290641715985817e-06,0.00024086268490483976,0.01517961285582595,0.7115314152748495,0.1018870378544096,0.17115378068829407,3
0.0010946775543134047,0.12589178950557206,0.5485193108378335,0.3200481539241175,0.004437156021987831,8.912156175935225e-06,2
1.8340535396011255e-05,0.03875043772544585,0.3000580017131571,0.382489678154563,0.2780536368565186,0.0006299050149193316,3
2.8585355027254203e-05,0.0002611884602830036,0.1003286511414328,0.12934485467236564,0.7359741640499468,0.034062556320944584,3
1.1699535182638412e-06,0.0035673716792860868,0.782832481295285,0.20981954429691413,0.0034699231361907186,0.0003095096388057401,3
1.4144032924595438e-06,0.020348620251418256,0.7392140317616789,0.22487799557384264,0.015556080390349284,1.8576194185070652e-06,2
1.6997408960990276e-05,0.0003838810004060391,0.4992374444489691,0.47817893386081617,0.02216528394091606,1.745933993174758e-05,2
1.5727574761119398e-08,0.003598296741464947,0.4773522474848349,0.5174369841856882,0.001596765271736835,1.5690588700383096e-05,3
8.446758852454166e-08,0.011651824545772451,0.8254615360043367,0.16227623386797824,0.0006096410509198381,6.800634044570335e-07,2
1.576464611879218e-06,0.011537428239822142,0.3520535777282022,0.6066604633089885,0.02972705713361214,1.989712476311679e-05,3
1.6621583734052732e-05,0.03106668743447372,0.4659614592645245,0.4462139969293215,0.055445257059875845,0.001295977728070399,1
0.008076218861598585,0.030492797293848968,0.2575330081114254,0.4240033312487773,0.23728887113868222,0.04260577334566744,4
0.0014447294957348961,0.004966662600006151,0.19904694540669907,0.5607401319304658,0.22494664319462918,0.008854887372464848,4
0.3071936876635945,0.2268740902238489,0.32925766989723654,0.1344775912017285,0.002157084984409217,3.9876029182276884e-05,3
0.00024038723087727666,0.0020031063497208783,0.2253285941501281,0.7448919206838566,0.027476228092387426,5.9763493029696655e-05,3
8.006046832862381e-06,0.00010888267118414242,0.03609420242977457,0.30031693101293416,0.6459779842137731,0.017493993625501164,4
4.399218358801855e-11,0.00026467980417683773,0.4915232423168408,0.5077991375237756,0.00041293805623282337,2.254981747395562e-09,2
1.2569513355750104e-05,0.021420710379236537,0.6759325798967186,0.2920647450828955,0.010568850798102962,5.443296906162436e-07,2
0.0024641959611134165,0.009327585637141936,0.13364780943496515,0.2961798724315413,0.45407517475312054,0.10430536178211772,4
1.9026189852665446e-05,0.04306226844981918,0.5491162927306188,0.38295571497949604,0.024804963182518555,4.173446769476154e-05,3
1.8879239817060994e-06,0.004820318675111549,0.2567046372211102,0.7111720378375643,0.027242445894740727,5.8672447491369436e-05,3
3.0081484467781127e-06,0.008779987125195813,0.3896648133848428,0.5445168415903799,0.057006817368796744,2.853238233798577e-05,3
2.564319643340182e-05,0.00018965512345323106,0.00838879603928989,0.6111226847460419,0.13507517273919947,0.245198048155582,4
2.611195976495835e-05,0.06470608022472368,0.7555114244396806,0.17456210082459686,0.005193619250108679,6.63301125139504e-07,2
3.685724951693701e-07,0.004281488911202186,0.6946850278085929,0.30071038784147014,0.00032234665295572757,3.802132838131713e-07,3
0.0003682633996358753,0.0943599829145884,0.71265949387472,0.1915952106866659,0.0009704347745390759,4.6614349850902844e-05,2
5.150569545739604e-09,0.0029788587526890383,0.7819977681199419,0.21490037928749545,9.847532576174108e-05,2.4513363542408363e-05,2
0.00013283705807429937,0.015752912683683295,0.3199428518816741,0.6636277456140321,0.0005415108331556786,2.14192938053476e-06,2
7.949017796103415e-05,0.09398801095269588,0.7151640441426825,0.1862366389224669,0.004530747670079517,1.06813411421066e-06,3
2.2893826726566227e-07,0.0032987329819486985,0.6899617481715934,0.3042857526272378,0.002453516899502036,2.038145091219392e-08,2
0.0025866090929815362,0.09318087878103187,0.5802669882495484,0.31360661327025624,0.010217384269031729,0.00014152633715031269,2
2.616353838364139e-11,0.0007023095981271201,0.912630862549969,0.08661843514427782,4.8390471698635896e-05,2.209763895531735e-09,2
5.8355366314063595e-05,0.07346643732025088,0.7294191879804935,0.19585188428425365,0.0011919677451786798,1.2167303509268417e-05,2
2.4408712532861422e-05,0.0008324992145216471,0.05359854006959733,0.5696188057711018,0.321103854669325,0.05482189156292127,3
0.0031795395645926646,0.10217689039392731,0.5848199755644312,0.301691639626899,0.008017799737297878,0.00011415511285192589,3
1.948082308963988e-06,0.014470464132251627,0.6079906482090762,0.3716948564224394,0.005761001207037905,8.108194688596772e-05,2
0.0009573074451826455,0.013118451482964645,0.20241891836201165,0.41469600137637846,0.2837894438984527,0.08501987743501,3
0.001321229883922083,0.046304337097085785,0.3746013840491387,0.49509861260852506,0.08162225429380139,0.0010521820675268704,3
4.012274490032017e-06,0.004435387127286455,0.7921392394047502,0.19950728291327482,0.0036117313150357392,0.000302346965162742,2
0.0005047756686783405,0.00204428437492771,0.07884495014141481,0.4088933928214541,0.47707672680805346,0.03263587018547166,4
0.0009756473843603037,0.002104101759032041,0.014362483262997286,0.680490630109553,0.08597757020252789,0.21608956728152953,5
3.651835986900028e-07,0.002971232219847738,0.5329999995439707,0.4480700146623214,0.01595765638118238,7.320090791467138e-07,2
0.0005380124992245679,0.001959980414994181,0.0567195126443644,0.6838206042874795,0.24348639503531286,0.013475495118624429,3
0.0004930670368383626,0.1424869400013293,0.6444884439314335,0.2060686885503064,0.006456858728860115,6.001751232279878e-06,3
0.013386147434727345,0.12017857466189283,0.5727776098046482,0.29100086521639934,0.0026411817285309554,1.5621153801342794e-05,3
1.75870175847046e-05,0.004266467519517648,0.2578421797854731,0.5223919419555448,0.16252019665543882,0.05296162706644094,2
6.46386501264991e-07,0.0004131362452840983,0.4925657533378368,0.49365336682048955,0.013366867632164112,2.2957772408611384e-07,2
6.249343730518296e-07,0.006848687053610601,0.4494041773492838,0.5155825922470068,0.02815957573530493,4.342680420804272e-06,2
3.198481912728233e-05,0.02684872432954902,0.9179362911194981,0.0551583563050649,2.3783535566462465e-05,8.598911941645829e-07,3
0.00023345836971813274,0.17897285427391169,0.7555887514552712,0.064826717188159,0.00037821511903326675,3.5939067048193423e-09,2
0.17436074004299418,0.15816922392541893,0.3411118442579623,0.2869879468387337,0.03641710351308116,0.0029531414218097545,3
2.372590297556698e-06,7.265863424640525e-05,0.0346347567807409,0.18280277833874253,0.7285956483568135,0.053891785299159146,4
0.00016067944520865791,0.00022455329275447358,0.2756395345612251,0.07094849825000583,0.6478809020183239,0.00514583243248205,2
0.03398910100457159,0.19657952150164065,0.5720663851589068,0.19728327032605167,8.136888475766097e-05,3.5312407159314326e-07,2
2.3603182389169226e-08,0.009125083614510882,0.769016646676487,0.2215675327309153,0.00029054108738797686,1.7228751662765258e-07,2
3.0381683443398943e-07,0.0031389488773735166,0.5960322628494894,0.3960200924851525,0.004807941981068141,4.4999008205943996e-07,2
7.1775344160281186e-09,0.01206949442003006,0.8660087536017333,0.12168339823921888,0.00023801355135643663,3.3301012689334084e-07,3
1.0965337792672957e-05,0.002360624204347671,0.12299072795152492,0.6999606233895754,0.1734404199562146,0.0012366391605445344,2
7.064544868122415e-08,0.0005076196379073735,0.12080038815468294,0.750844650049078,0.12773158241462995,0.00011568909825304948,2
2.4101054521304828e-05,0.0004294800831242432,0.06375008968679159,0.17488641415095568,0.6782958427967598,0.08261407222784736,4
0.0002299685941017385,0.0005672881408413119,0.09460539105930364,0.34439643010636817,0.5513597903248948,0.008841131774490231,3
2.084436052747491e-05,0.0005368140803856945,0.06680117860219183,0.29609086753005737,0.5270733453637529,0.10947695006308468,2
1.9271111533763425e-06,0.036522777387661,0.8821886570180079,0.08128169036541649,4.481219565056894e-06,4.6689819636712054e-07,2
0.0005914707263494688,0.0014473800482225625,0.07857139542449076,0.46178626323692956,0.4439661683459358,0.013637322218071825,4
3.6388780292944657e-06,0.06752635953316026,0.8348410439725549,0.09761842260070035,8.518124101300603e-06,2.0168914538767413e-06,2
1.811046966511907e-05,0.04205589471360473,0.7446908110952551,0.2130802506478879,0.00014011019228569373,1.4822881301182574e-05,4
1.1034091150074698e-07,0.002946749534315183,0.30529024905941254,0.6883367593033585,0.0034233402734169228,2.79148858523253e-06,3
7.506244484985864e-06,0.00019550138765866054,0.05145392069730549,0.14872984019749166,0.7241141890221561,0.07549904245090307,3
0.08090212708701727,0.08528902358226147,0.17753746547484914,0.3299202720237167,0.23516748736438334,0.09118362446777215,4
0.008311053851687691,0.009242510546580771,0.12415784411983535,0.5016371003428394,0.3370845423594522,0.019566948779604684,2
7.01799993592092e-05,0.06537707269032195,0.5956326643885581,0.33596108757110277,0.0029572245716972334,1.7707789606876831e-06,2
2.6050449000845906e-05,0.016271735566759645,0.4024152605235154,0.509894350579005,0.06539288840554484,0.005999714476174352,3
0.0037240831588410328,0.08804786551121893,0.4768512304542559,0.42464271592278596,0.005962250200887552,0.0007718547520105991,2
1.0997138493594407e-05,0.0047217266240075426,0.9096424637198007,0.0846890293859296,0.0008994347749412925,3.634835682719146e-05,2
2.205353262328889e-06,0.005218686722189558,0.3865362824979102,0.605543230422477,0.0026963078052173045,3.2871989435708317e-06,2
0.5472130991066473,0.13196125983459983,0.19063947732170944,0.11994654134236847,0.00994068945281168,0.00029893294186333626,2
3.1483774410550365e-08,0.002316397111298892,0.3573766019810101,0.6365371656901143,0.003767445636343025,2.3580974592797514e-06,3
0.019096244620834125,0.027398492229746503,0.11042147520621239,0.7705454908888565,0.0626405256647937,0.0098977713895568,3
8.323554270856227e-06,0.017633022641624075,0.6166150130985197,0.35865515845317064,0.007087150788610951,1.3314638038829977e-06,2
1.576464611879218e-06,0.011537428239822142,0.3520535777282022,0.6066604633089885,0.02972705713361214,1.989712476311679e-05,3
2.5112754029120138e-05,0.03716993422817192,0.8639364334164286,0.09884860096447791,1.9290895067993017e-05,6.277418246027834e-07,2
9.643959661770269e-08,0.0006854856334877098,0.15730789191847536,0.7630638754608718,0.07866059052804523,0.00028206001952325665,3
0.00017301035426318283,0.048571158668605646,0.7837052495425896,0.16637123464704495,0.0011753771077416802,3.969679754830461e-06,2
0.007903722282692852,0.18503516053121447,0.5108838317283014,0.278945137722748,0.017073671971909572,0.0001584757631337634,2
5.688881674166595e-06,0.00016207222858129037,0.04883866066052313,0.1429254167235771,0.7342713640790157,0.07379679742662856,3
2.5584644172069455e-08,0.0014864341113039155,0.44686687785537316,0.5501319623723981,0.0015145896709922704,1.1040528826653153e-07,3
9.724214379054563e-06,0.04314736294059792,0.6893128246620431,0.252891864617179,0.014631108081993327,7.1154838073776786e-06,2
9.789531823645487e-06,0.0001994315552625947,0.024308670444317032,0.510956512604718,0.314958900040784,0.14956669582309476,4
0.00027184429695111337,0.20374156598648693,0.6980785869323544,0.09778576446744915,0.00012173383589805304,5.044808603820948e-07,2
0.001010092510941965,0.2881877965157097,0.66087805246788,0.04992231803462225,1.693139059027437e-06,4.73317871245434e-08,2
3.842042550803511e-09,0.0002648477579527389,0.37870069689170477,0.5497266271627343,0.0713018976194892,5.926726076303874e-06,2
0.0002052416740430121,0.11090790620652705,0.8027190694947038,0.08545851322527377,0.0007092570683328791,1.2331119406531276e-08,2
0.0005811608350448915,0.008518300493173104,0.11618610433841359,0.8465102740057239,0.022560722258949693,0.0056434380686948915,3
3.215281709025121e-08,0.0048302673071323856,0.7586626952650103,0.2360425644624435,0.0004476714349827877,1.676937761387201e-05,2
7.733930314083046e-18,3.345656433565006e-06,0.9581320609994868,0.04185863269280922,5.960650590333139e-06,6.801314798722457e-13,2
0.006425895645061881,0.0171117502537663,0.15324525743027406,0.31696226014225365,0.40330199504589476,0.10295284148274941,4
2.5004628528210494e-09,0.0021201092623974386,0.9472676012488155,0.050593532308122906,1.8507860298565812e-05,2.468199027386617e-07,2
2.3216941992583022e-10,0.00033914938391193833,0.5409164420072559,0.4582689525454075,0.00047545433194277914,1.4993125544028802e-09,2
3.22184937930455e-06,0.0011599610447987053,0.10280534256965732,0.6758969199456721,0.2196275756180282,0.0005069789724643736,3
2.651150743870263e-11,0.0004620891867079205,0.8210184288352105,0.17689476825976055,0.0016246376229344208,7.606887504270531e-08,2
2.6472436203559488e-08,0.0067439346541164685,0.7942384216287286,0.1978406517807752,0.0011762766258216599,6.888381218688892e-07,2
2.037712727508801e-06,0.015599339191330223,0.8007135654097457,0.17804910490320286,0.005635591962148131,3.608208454850194e-07,0
9.356781459811611e-06,0.06963433224690543,0.7601316085705905,0.16759117534143744,0.0026330762415540045,4.508180528507032e-07,2
1.2557939628965698e-05,0.03467660455140173,0.5872942643316418,0.3544082107925943,0.02358794612458131,2.041626015182388e-05,2
0.00017940192014052143,0.0188785247105573,0.5086486576453099,0.4611381040531305,0.011151059402653473,4.2522682083389206e-06,3
1.1374814506857973e-05,0.005533656993557636,0.4106469580528829,0.521386556396373,0.051282211375760986,0.011139242366918472,2
8.509037472810097e-05,0.017371209635317374,0.27297564843238087,0.6068347706273485,0.1016205782021343,0.0011127027280909468,3
4.599363130144539e-05,0.00047481592233878636,0.023031562334719865,0.5454672298645287,0.23187530099564083,0.1991050972514704,3
0.003164543166105344,0.009602381451009178,0.3522475633817434,0.5963051735071102,0.03840910882264555,0.00027122967138637364,3
6.893641885760346e-09,0.0045285603738426435,0.8050404958950544,0.19001441511884432,0.00041651856367658447,3.1549401609846147e-09,2
9.494955150390357e-05,0.026671612014558487,0.5436358455553622,0.3842844955202033,0.045277070473294816,3.602688507735391e-05,2
8.611115959543119e-05,0.009525384676071011,0.5047466386031196,0.4844273946132124,0.0012131829755523793,1.287972449251343e-06,3
0.02084137437547702,0.18866106681305542,0.4698081446757569,0.29343352015080026,0.0268923975880003,0.0003634963969102736,3
5.483535732976522e-06,0.00958210597743514,0.49672337878871287,0.48956600987891447,0.004122183288308879,8.385308956994508e-07,3
0.0022746475229514776,0.0031627606047271795,0.11992141464563119,0.4413096680086295,0.41991124770992416,0.013420261508136603,4
0.00030909210186107227,0.02103633028967113,0.47914998432699457,0.4210339165481261,0.06272470513672963,0.015745971596617565,3
5.924046321484167e-06,0.005896615466838097,0.5482414734116768,0.42014121011132827,0.025714039991996566,7.369718387298422e-07,2
0.0007229769464805781,0.004427595942965318,0.10224920257077923,0.6358789108003632,0.2403047603382082,0.01641655340120351,4
0.00012475330117328316,0.11582602554490647,0.7145074186516519,0.16788169072207038,0.001656869290095311,3.242490102708196e-06,3
4.693973928450981e-05,0.023967335584531135,0.7645231097057194,0.20983085127523163,0.001511539765570271,0.00012022392966326325,2
3.0806152288236045e-07,0.02126536413320276,0.807734376458097,0.16859160273956725,0.0024081499158791885,1.9869173086942645e-07,3
0.0015494559793842262,0.16712612153963366,0.5793742259316552,0.24011042986873551,0.011811340095148599,2.8426585442763165e-05,2
0.002856541154232517,0.00368920189684255,0.03807856598655044,0.752630458675369,0.1766706844296481,0.026074547857357286,4
6.354457195791462e-05,0.015807468393281357,0.462880443811016,0.4630726499063484,0.043418272114817844,0.014757621202578472,3
5.097992149200447e-07,0.011058916497453289,0.7018595370959492,0.27232625965464735,0.014743716138237805,1.1060814497502936e-05,2
3.4859873050208655e-07,0.018765124578414456,0.7313415443724106,0.23565454169624817,0.014236369215364213,2.0715388319227386e-06,2
0.00035555860123404135,0.04953643428903447,0.5205909265877775,0.3646401433879509,0.06449882401341094,0.0003781131205921643,2
1.1508512607484137e-08,0.0005445321249038321,0.3534442780690637,0.6363429451052155,0.009667791477550312,4.4171475415699993e-07,3
7.411315551925134e-06,0.017432021497687775,0.6774793139424026,0.29871218093350643,0.006368665737113515,4.0657373772798805e-07,4
1.4445639720173476e-08,0.0009131519946119491,0.22833447524851258,0.6709665134662851,0.09970618435812723,7.966048682332501e-05,3
1.2349982711024753e-06,0.010739746398909426,0.43804263954231015,0.5036600193318889,0.047496706326922,5.9653401698376425e-05,3
1.1300448710080385e-07,0.08625319877707996,0.4956710796119358,0.41756031085201845,7.715263433218599e-05,0.0004381451201463424,2
3.651835986900028e-07,0.002971232219847738,0.5329999995439707,0.4480700146623214,0.01595765638118238,7.320090791467138e-07,2
7.065084865463066e-08,0.0009500898844465081,0.4566576238191527,0.5276311093820919,0.014760959274574487,1.4698888582981147e-07,2
8.520030733095348e-09,0.0009624103893723038,0.5927787037991409,0.4050894058541941,0.0011694619610064449,9.476255375391632e-09,2
0.00753624147200257,0.20970321853727047,0.5569105098519735,0.2197651134105609,0.006057380802987482,2.7535925205012738e-05,3
2.7370993841369594e-05,0.005639178245635562,0.7040116160110621,0.2877597259748059,0.002545680306571427,1.6428468083571546e-05,2
7.130964990692946e-06,0.00471430295245051,0.3939608700624595,0.5689039639561976,0.03240607120321385,7.660860687779903e-06,2
3.6217719842623013e-06,0.0008469540356327649,0.1177074918923226,0.8193418752994815,0.059579989342398394,0.00252006765818037,3
1.2720554162798782e-08,0.0008068748620225774,0.5020207112959366,0.4967938251984687,0.00037855647490596687,1.944811188835082e-08,2
1.2772404926776583e-06,3.821586290203237e-05,0.03917175458922094,0.1279637338866823,0.8036082420251424,0.029216776395559595,3
2.180540163958937e-05,0.00137483545944347,0.15593421838898305,0.7672292346900592,0.07372262013884469,0.0017172859210299954,1
0.004403465701742667,0.214750465658185,0.6000905994910434,0.17779210607461443,0.0029579965990855707,5.3664753289612685e-06,1
5.728277506324291e-06,0.1257544467296693,0.8414717461456211,0.03269497198840689,7.310683404471749e-05,2.47515940759311e-11,1
0.0005080019287089998,0.0021118778080592535,0.06352011214770628,0.4710597674435599,0.3990089815871695,0.06379125908479596,3
4.5024577926109795e-05,0.1434706209657944,0.6782927441664967,0.176857843913347,0.0013323164312454667,1.449945190352578e-06,3
7.63521370366272e-05,0.08340827367374194,0.7893408538830864,0.12479787922673961,0.0023765457113935286,9.536800170088324e-08,2
0.0002048476627239169,0.04050609731695042,0.5248124782815646,0.42448337263406166,0.008344488481436551,0.0016487156232627732,4
4.1434614122884075e-06,0.003983311555870569,0.8532742402250004,0.14144567792096513,0.0012647953104121007,2.7831526339463145e-05,1
1.1298036197445543e-05,0.021982437504016707,0.7955461947623906,0.17534102477600788,0.007118601954953862,4.429664334510403e-07,2
5.475135422338261e-07,0.01067275672474526,0.47203953451861863,0.4665148935292775,0.05071983875817301,5.242895564331628e-05,4
2.411132778204985e-07,0.00021803215994694946,0.10258535253267204,0.8919935393950623,0.0051814399886896114,2.1394810351264388e-05,3
0.0008325977193828628,0.0578458869091511,0.7938352413017513,0.14672874560534144,0.0007116445714374901,4.588389293579381e-05,3
5.126374239985648e-07,0.0037514926896576694,0.376919337097533,0.5968441202859902,0.022451546615213404,3.29906741819629e-05,3
0.001131977063178451,0.002827081176888533,0.3461439162836537,0.2416507408450666,0.3991170033952719,0.009129281235940803,4
6.123676362070803e-05,0.04292337974683735,0.666160212963183,0.27072157107205674,0.02011730672118915,1.6292733113023354e-05,3
3.388604058420384e-21,2.2952459509999976e-07,0.9374307204842821,0.0625046864598016,6.436352941758874e-05,1.903673033954362e-12,2
8.959509426007885e-05,0.0006347319189253624,0.25108274970511246,0.4676262226129995,0.2782513808857748,0.0023153197829277423,3
9.000717008035227e-09,0.0033863043759879093,0.9022944693338513,0.09429943106186921,1.978272306814004e-05,3.5045064595081976e-09,2
0.0021250387715820913,0.11572357144170868,0.6736882106605647,0.2073873516251238,0.000985998551196291,8.982894982439135e-05,3
8.746878789627748e-06,0.04133808572025251,0.8219394080369143,0.13666144956384624,4.7783144592124975e-05,4.526655605051181e-06,2
9.013639588035068e-06,0.00139639648782675,0.265778554817383,0.7294407424229675,0.0033709611829314495,4.331449303162656e-06,2
7.414820463474179e-06,0.004762188464607805,0.45528417035439167,0.4903631241525425,0.049580063391352944,3.038816641679231e-06,2
0.0006877327977243744,0.002874427970360424,0.09081296492030928,0.37436182729002115,0.4856772732836719,0.04558577373791283,4
7.032373603706072e-05,0.0005740981722962897,0.028021782000585995,0.47253380399780953,0.30591211108677313,0.1928878810064979,3
7.548209732595287e-05,0.0006130197451573567,0.06130423926933487,0.31912090075556016,0.5846456057591628,0.034240752373458916,3
6.141263985924057e-05,0.0006512561680975362,0.039324318954766006,0.5225326844829002,0.3322400833202611,0.10519024443411577,3
0.036121998899800875,0.047123395325198825,0.24863166373147713,0.4411980391438552,0.20371068729399971,0.02321421560566838,3
0.003012350468491755,0.0020644472654176935,0.8429210587583824,0.08693190984308789,0.06494524848067165,0.00012498518394886754,4
1.1416125656806323e-05,0.0001457998179963086,0.16250127506307985,0.32811493873769304,0.5049987768090759,0.004227793446498057,3
0.001035880287301705,0.03914823514959497,0.7214505383718745,0.23439286339495807,0.003848014413422147,0.00012446838284863244,3
7.909287772707411e-05,0.0005741209295973019,0.0578282254188901,0.3503577844374338,0.5638364815354847,0.027324294800866997,3
5.8112066221254506e-09,0.007044996791587973,0.724002873091339,0.26040359507379746,0.00854614563618368,2.38359588522893e-06,3
0.0398168964456911,0.055561338587624846,0.17657792124403232,0.34105920787310906,0.28757642140548134,0.09940821444406127,3
0.3539841184755735,0.11848092411583319,0.3041285864811788,0.22270966099227898,0.0006956770418131641,1.0328933223947925e-06,0
0.5495533854055044,0.07672774335174286,0.16994482234030678,0.1978166172632982,0.005917705376927705,3.972626222011053e-05,0
0.8324458364347956,0.07704572731693406,0.08024605591430603,0.010216395044991956,4.596603285107899e-05,1.925612129344871e-08,0
6.418051958832879e-06,3.989575262690997e-05,0.001449035981405115,0.6920874316051966,0.037215498248363135,0.2692017203604494,5
